0,0,128,54,105,60,60,469,496
0,0,130,170,103,60,60,469,496
0,0,132,555,555,60,60,470,496
0,0,134,555,555,60,60,469,496
0,0,135,169,555,60,60,469,496
0,0,137,169,97,60,60,498,500
0,0,139,169,104,60,60,469,496
0,0,140,170,103,60,60,469,496
0,0,142,169,105,60,60,469,496
0,0,144,170,103,60,60,469,497
0,0,145,169,104,60,60,469,496
0,0,147,169,104,60,60,469,496
0,0,149,169,105,60,60,469,497
0,0,150,169,104,60,60,498,498
0,0,152,168,80,60,60,469,496
0,0,154,170,104,60,60,469,496
0,0,156,169,96,60,60,469,498
0,0,157,168,95,60,60,469,496
0,0,159,169,102,60,60,469,496
0,0,160,102,108,60,60,468,496
0,0,160,169,77,60,60,467,514
0,0,160,96,78,60,60,469,496
0,0,160,169,105,60,60,469,496
0,0,160,103,107,60,60,469,496
0,0,160,170,78,60,60,473,504
0,0,160,102,93,60,60,469,496
0,0,160,170,79,60,60,472,511
0,0,160,168,79,60,60,469,496
0,0,160,170,96,60,60,466,514
0,0,160,169,106,60,60,469,496
0,0,160,170,79,60,60,469,496
0,0,160,169,105,60,60,469,496
0,0,160,170,104,60,60,470,513
0,0,160,169,103,60,60,469,496
1,0,160,170,103,60,60,473,506
2,2,160,168,95,60,60,469,496
8,9,159,164,108,60,60,473,507
11,11,159,132,104,60,60,469,496
13,13,159,152,89,60,60,470,496
14,15,159,144,82,60,60,469,496
16,16,159,137,145,60,60,473,507
16,16,158,128,135,60,60,469,496
17,17,158,120,140,60,60,469,498
18,18,158,111,55,60,60,488,505
19,19,159,102,158,60,60,469,496
16,17,159,93,64,60,60,470,496
7,6,160,90,170,60,60,470,496
-1,2,157,91,67,60,60,469,496
-11,13,127,109,184,49,60,471,504
-14,15,79,102,95,60,60,469,497
-4,4,70,99,67,60,60,469,496
0,0,70,99,96,60,60,494,502
1,1,70,100,68,60,60,469,496
17,16,70,85,71,60,60,452,483
19,20,67,84,83,60,60,468,496
18,21,63,69,91,60,60,471,512
17,10,61,63,103,60,60,469,496
16,8,69,55,60,60,60,471,496
17,14,73,60,67,60,60,469,496
16,16,75,49,77,60,60,469,496
17,16,76,45,84,60,60,471,495
16,15,76,32,92,60,60,469,496
5,6,75,45,95,60,60,469,496
0,1,75,46,94,60,60,469,496
2,-2,78,29,88,60,60,468,496
7,-4,94,38,188,35,46,469,496
11,-5,116,50,138,24,60,458,475
9,-7,139,63,183,60,60,469,496
2,-2,147,70,183,60,60,471,495
1,-1,149,47,184,60,60,469,496
4,-4,162,78,78,60,60,472,493
0,-1,163,78,78,60,60,469,496
2,2,163,78,78,60,60,469,496
6,5,164,76,84,60,60,469,496
11,10,167,87,75,60,60,469,496
13,11,169,80,55,60,60,469,496
13,11,172,75,87,60,60,471,496
12,11,174,69,81,60,60,469,496
6,10,175,65,59,60,60,469,496
4,9,169,61,98,60,60,469,497
6,7,167,58,68,60,60,469,496
0,0,168,58,68,60,60,468,496
0,0,168,58,116,60,60,443,496
0,0,168,58,68,60,60,434,502
0,0,168,58,116,60,60,406,496
0,0,168,58,68,60,60,406,496
0,0,168,58,71,60,60,406,496
0,0,168,58,71,60,60,406,496
0,0,168,58,73,60,60,406,498
3,3,168,56,96,60,60,406,497
6,7,167,54,104,60,60,406,496
0,0,167,53,108,60,60,406,496
1,0,167,53,98,60,60,406,496
9,10,167,49,115,60,60,406,496
16,16,166,41,83,60,60,406,497
21,21,165,32,95,60,60,431,486
16,17,164,30,73,60,60,406,496
2,3,164,26,98,60,60,426,505
4,3,165,41,76,60,60,405,497
6,6,165,36,74,60,60,406,496
1,0,165,35,64,60,60,415,475
0,0,165,35,73,60,60,406,496
0,0,165,35,72,60,60,417,493
0,0,165,35,73,60,60,443,496
0,0,165,35,73,60,60,442,496
3,-2,174,31,71,60,60,445,474
1,0,175,31,60,60,60,442,496
0,0,175,32,59,60,60,445,507
0,0,175,32,61,60,60,442,496
-3,2,170,35,82,60,29,432,491
-9,11,140,46,243,37,60,449,510
-2,0,139,45,122,45,60,441,496
0,0,139,46,246,39,60,448,510
0,0,139,45,122,43,60,472,486
0,0,139,45,242,55,60,440,513
5,-6,151,61,69,60,60,446,471
14,-15,-164,31,43,60,60,442,497
3,-6,-149,54,56,52,60,442,497
0,0,-148,54,61,60,60,450,496
0,0,-148,54,57,60,60,454,496
1,-1,-147,53,56,60,60,454,496
10,-9,-120,158,14,60,60,455,495
4,-6,-106,190,25,60,60,454,496
9,6,-106,154,44,60,60,453,497
18,16,-103,140,24,60,60,454,496
15,14,-102,133,37,60,60,454,496
14,13,-100,156,34,60,60,454,496
0,0,-100,127,34,60,60,454,497
1,2,-101,127,36,60,60,444,500
13,13,-100,118,42,60,60,454,497
2,3,-100,118,41,60,60,465,506
-3,3,-105,119,48,60,60,454,496
-8,7,-129,87,44,60,60,454,496
-2,1,-133,162,49,60,60,454,496
-13,13,-171,54,92,60,22,454,496
-7,5,168,45,77,60,60,454,496
0,0,168,32,79,60,60,453,496
0,0,168,45,137,60,60,437,492
0,0,168,44,318,60,60,444,495
0,0,168,32,77,60,60,434,496
0,0,168,31,79,60,60,434,496
1,-1,170,45,129,60,60,439,508
0,0,173,45,114,60,60,434,496
0,0,173,46,113,60,60,433,497
0,0,173,46,115,60,60,434,496
0,0,173,46,112,60,60,434,498
0,0,173,45,97,60,60,442,496
0,0,173,45,147,60,60,443,513
0,0,173,45,323,60,60,446,513
0,0,173,46,153,60,60,455,506
2,-2,175,43,324,60,60,446,513
11,-12,-153,67,77,60,60,446,499
6,-7,-129,87,43,60,60,447,496
3,-3,-123,88,47,60,60,446,496
4,-4,-110,121,41,60,60,446,497
14,12,-109,147,49,60,60,446,496
24,23,-107,132,56,60,60,446,496
23,21,-106,91,68,60,60,446,496
23,22,-105,123,79,60,60,446,500
20,20,-103,103,89,60,60,446,496
19,18,-102,95,104,60,60,446,496
16,15,-103,82,62,60,60,446,496
-3,12,-118,81,100,60,60,447,498
-9,6,-145,95,126,60,60,446,496
-7,6,-160,45,185,60,60,448,511
-15,13,156,26,322,60,60,446,496
-2,3,148,26,219,60,60,446,513
0,0,148,26,216,60,60,437,485
3,3,148,24,327,60,60,446,496
-2,3,143,44,201,60,19,458,474
-8,8,117,55,107,60,60,445,496
0,1,115,54,77,60,60,445,496
15,15,115,95,85,60,60,447,495
13,14,114,81,107,60,60,445,498
1,1,114,39,108,60,60,446,496
0,0,114,38,107,60,60,446,496
0,0,114,58,77,60,60,442,505
0,0,114,81,95,60,60,422,496
0,0,114,82,111,60,60,421,481
0,0,114,58,81,60,60,423,450
0,0,114,81,80,60,60,441,418
0,0,114,58,109,60,60,396,391
0,0,114,57,121,60,60,397,358
0,0,114,19,113,60,60,386,330
0,0,114,37,81,60,60,378,305
0,0,114,38,108,60,60,330,264
0,0,114,38,77,60,60,347,258
0,0,114,38,108,60,60,330,263
0,0,114,81,108,60,60,328,265
0,0,114,58,77,60,60,346,273
1,0,116,80,112,60,60,329,264
2,-2,118,56,108,60,60,329,263
5,-4,134,39,117,60,39,328,264
2,0,134,39,106,60,26,346,269
0,0,134,40,240,60,30,337,274
0,0,134,40,109,60,29,357,266
0,0,134,38,98,60,30,356,266
0,0,134,41,249,60,27,330,277
0,0,134,39,108,60,26,354,277
0,0,134,24,116,60,27,359,298
0,0,134,20,289,60,35,389,330
0,0,134,17,112,60,30,408,368
0,0,134,38,277,60,30,435,401
0,0,134,38,137,60,32,493,416
0,0,134,39,117,60,35,471,443
0,0,134,40,281,60,36,479,482
0,0,134,39,109,60,27,477,508
0,0,134,38,293,60,31,481,504
10,-6,149,32,254,27,60,469,496
16,-17,-158,38,183,60,60,469,496
0,-7,-145,41,109,60,60,479,504
15,-6,-122,93,102,60,60,470,496
11,-12,-86,66,52,60,60,470,496
0,-2,-83,99,66,60,60,470,496
0,0,-83,100,50,60,60,470,497
0,0,-83,98,50,60,60,470,496
11,10,-81,92,70,60,60,473,506
18,16,-78,93,64,60,60,469,496
19,17,-76,81,88,60,60,474,507
18,18,-74,69,49,60,60,469,496
18,17,-73,72,62,60,60,470,497
17,16,-73,63,92,60,60,470,496
17,17,-72,74,64,60,60,469,496
17,17,-71,59,110,60,60,469,496
13,12,-71,54,143,60,60,470,512
1,2,-71,53,528,60,60,448,497
0,0,-71,54,113,60,60,424,495
0,0,-71,54,91,60,60,414,501
0,0,-71,54,92,60,60,390,496
0,0,-71,53,95,60,60,370,496
0,0,-71,54,155,60,60,362,513
0,0,-71,53,81,60,60,365,496
0,0,-71,54,81,60,60,366,496
3,-4,-60,83,46,60,60,364,496
0,-1,-57,82,64,60,60,365,496
0,0,-57,71,65,60,60,365,496
0,0,-57,80,64,60,60,365,496
2,1,-57,70,41,60,60,364,496
4,7,-60,94,50,60,60,365,496
7,8,-61,76,56,60,60,365,496
11,3,-51,90,47,60,60,365,496
18,10,-39,92,50,60,60,364,496
17,14,-34,111,58,60,60,365,496
17,13,-29,114,198,60,60,364,496
14,11,-25,104,72,60,60,365,491
13,12,-23,88,108,60,60,365,496
14,13,-21,90,102,60,60,365,495
13,13,-20,253,82,60,60,366,496
13,12,-20,247,76,60,60,365,496
12,11,-19,111,80,60,60,365,496
10,9,-18,119,70,60,60,364,496
3,6,-19,99,80,60,60,364,496
-13,14,-53,85,526,34,44,359,498
-13,14,-95,32,527,60,60,364,496
-2,3,-102,32,86,60,60,363,496
7,6,-101,30,89,60,60,364,497
19,21,-103,42,82,60,60,365,496
15,17,-105,40,107,60,60,366,495
3,4,-106,49,107,60,48,384,497
0,0,-106,38,109,60,60,416,496
0,0,-106,39,108,60,60,440,496
0,0,-106,40,72,60,60,451,514
0,0,-106,40,73,60,60,461,507
0,0,-106,41,109,60,60,453,496
0,0,-106,33,81,60,60,456,511
0,0,-106,34,108,60,60,452,496
0,1,-107,38,108,60,60,453,496
0,4,-112,34,64,60,54,453,497
0,0,-112,50,65,60,60,457,496
0,0,-112,34,65,60,59,469,496
0,0,-112,35,65,52,60,469,497
0,0,-112,34,65,58,60,463,495
0,0,-112,34,63,60,60,457,496
0,0,-112,33,274,44,58,463,513
0,0,-112,33,64,60,60,458,496
-2,4,-121,34,110,60,30,464,508
-2,3,-128,34,285,60,60,451,497
0,0,-128,34,118,60,60,438,485
0,0,-128,34,286,60,60,449,476
0,0,-128,34,528,60,60,457,496
2,-3,-125,34,528,60,60,457,496
12,-13,-92,31,527,60,60,456,496
4,-5,-75,39,528,60,60,456,496
1,-1,-75,40,121,60,60,471,476
2,-2,-71,56,90,60,60,457,496
3,-5,-63,64,130,54,60,457,496
3,-7,-45,82,107,60,60,457,496
2,-1,-43,81,119,60,60,457,496
4,4,-43,78,90,60,60,458,513
6,-5,-33,79,77,60,60,456,496
8,-10,-2,176,46,60,60,457,496
0,-1,0,176,47,60,60,457,496
-1,0,-2,233,46,60,60,456,496
4,4,-1,189,47,60,60,456,496
18,17,0,85,58,60,60,457,496
21,20,0,171,68,60,60,457,501
5,17,-9,170,69,60,60,458,495
0,2,-15,189,85,60,60,458,496
11,6,-11,169,59,60,60,457,496
22,20,-7,99,68,60,60,460,505
26,24,-4,138,82,60,60,458,495
3,20,-24,148,117,60,60,457,497
14,20,-35,136,240,60,60,441,480
8,10,-38,83,119,60,60,467,478
-6,6,-51,51,320,60,60,469,504
-13,13,-91,63,140,60,60,456,484
-2,3,-99,60,100,60,60,456,496
0,0,-99,61,53,60,60,457,496
0,0,-99,61,53,60,60,458,495
1,1,-99,59,53,60,60,456,496
3,3,-100,58,98,60,60,456,496
2,3,-101,58,528,60,60,457,496
13,14,-102,51,180,60,60,457,496
6,7,-104,39,528,60,60,457,496
0,1,-104,38,182,60,60,458,512
1,0,-104,38,528,60,60,457,497
1,-2,-100,47,107,60,60,456,496
0,0,-100,39,528,60,60,456,496
0,0,-100,48,187,60,60,454,513
-4,-4,-100,49,527,60,60,456,496
-3,-4,-100,51,64,60,60,458,496
4,-3,-95,51,527,60,60,456,496
12,-15,-62,43,202,60,60,454,514
4,-8,-41,49,121,60,60,457,498
7,-5,-29,85,89,60,60,456,497
9,-11,3,113,55,60,60,456,496
11,7,9,99,57,60,60,456,496
9,14,7,104,49,60,60,456,496
-3,3,-4,105,83,60,60,457,496
-3,2,-12,156,99,60,60,465,506
1,1,-11,154,91,60,60,456,498
17,16,-10,89,73,60,60,456,496
25,25,-10,111,101,60,60,457,496
27,25,-8,95,115,60,60,457,496
25,25,-7,110,119,60,60,457,496
18,19,-7,102,112,60,60,456,496
9,9,-6,97,117,60,60,456,496
-9,10,-27,95,526,60,60,457,495
-6,6,-52,93,193,60,60,461,475
-1,1,-54,86,191,60,60,465,507
-3,7,-67,69,83,60,34,485,498
-3,3,-78,71,216,60,60,465,506
-3,3,-83,69,240,60,60,456,498
-3,3,-96,67,77,60,60,456,496
0,0,-96,67,77,60,60,470,500
0,0,-96,66,102,60,60,450,505
0,0,-96,63,77,60,60,432,496
0,0,-96,64,75,60,60,432,496
0,0,-95,66,77,60,60,432,496
0,0,-95,66,77,60,60,444,496
0,0,-95,67,75,60,60,438,494
0,0,-95,67,76,60,60,442,496
1,-1,-95,59,527,60,60,444,498
13,-14,-61,77,527,60,60,445,495
6,-5,-42,97,528,60,60,445,494
6,0,-40,95,223,60,60,442,496
18,11,-30,86,401,60,60,448,511
4,5,-29,84,231,60,60,438,496
11,10,-29,80,527,60,60,444,496
24,22,-26,69,232,60,60,445,502
28,26,-23,56,234,60,60,444,496
11,12,-23,49,251,60,60,444,496
9,5,-19,46,67,60,60,444,496
21,19,-16,38,65,49,60,445,495
14,13,-15,29,280,47,47,444,496
4,4,-15,28,281,44,47,444,496
9,9,-15,24,145,35,37,434,477
19,18,-13,16,83,22,20,443,496
2,2,-14,14,86,19,17,444,496
0,0,-14,15,153,17,19,451,476
3,-3,-6,16,131,18,21,444,495
3,-1,-1,15,129,17,24,443,496
10,-8,24,22,36,17,60,443,498
5,-5,39,26,28,20,60,444,496
0,0,39,25,50,21,60,443,496
0,0,39,25,28,21,60,444,496
-10,10,12,16,99,17,23,444,496
-15,13,-31,14,86,28,16,444,497
-5,4,-46,16,73,55,16,444,496
-5,4,-57,23,72,60,18,444,496
3,6,-62,18,68,60,18,444,496
8,10,-62,13,52,55,13,443,496
-13,8,-90,57,45,39,23,443,496
-7,6,-114,56,44,60,50,444,496
-1,0,-114,56,44,60,50,443,496
0,0,-114,55,44,60,50,443,497
0,0,-114,56,44,60,48,444,496
1,0,-114,56,43,60,52,444,496
1,2,-114,37,44,60,49,443,496
-3,3,-120,52,22,60,56,444,496
-9,7,-143,59,11,60,60,443,496
8,8,-144,47,13,60,60,443,496
1,7,-149,61,9,16,42,443,496
-3,1,-155,34,7,60,60,447,506
4,2,-151,88,10,60,60,443,496
4,4,-149,61,13,60,60,443,497
1,1,-149,63,14,60,60,444,496
8,-6,-130,51,33,29,60,445,495
13,-14,-89,42,50,49,31,443,496
5,-5,-78,28,52,60,26,443,496
7,-9,-52,19,81,60,18,444,496
0,-1,-50,18,78,56,18,444,496
0,0,-50,18,79,53,18,444,496
0,0,-50,18,78,53,18,444,496
-8,-9,-50,19,76,60,21,443,496
-10,-11,-48,25,527,60,29,443,496
0,0,-49,27,527,60,28,443,496
1,-1,-47,25,76,60,28,443,496
14,-10,-22,22,526,41,31,443,496
18,-20,33,37,29,30,20,443,497
3,-2,32,36,56,31,60,444,496
11,9,32,34,57,27,60,453,502
12,-2,50,50,51,31,60,444,496
17,-18,103,58,18,60,60,442,496
6,-9,125,79,8,60,60,444,496
4,3,126,80,10,60,60,446,504
22,18,131,74,17,60,60,443,498
25,24,134,126,31,60,60,445,497
26,25,135,293,39,39,60,444,496
24,24,136,101,50,60,60,444,496
26,25,137,293,62,60,60,444,496
24,24,137,80,76,60,60,442,499
24,25,135,523,83,60,60,443,496
20,21,133,523,93,60,60,442,514
21,23,130,149,103,60,60,442,496
19,20,128,148,110,60,60,442,496
25,25,128,523,121,60,60,431,486
10,20,128,145,129,60,38,444,496
-3,14,106,185,96,60,60,445,495
-7,8,87,94,70,60,60,465,501
-10,8,59,137,70,60,60,443,498
0,2,58,140,71,60,60,445,495
0,0,58,139,71,60,60,429,496
0,0,58,137,70,60,60,416,505
0,0,58,138,71,60,60,395,496
0,0,58,140,71,60,60,396,468
0,0,58,141,71,60,60,382,436
0,0,58,135,71,60,60,371,409
0,0,58,132,71,60,60,324,374
0,0,58,141,71,60,60,315,364
0,0,58,330,71,60,60,303,365
0,0,58,132,71,60,60,303,363
3,1,59,138,70,60,60,303,364
18,16,60,127,38,60,60,303,365
26,26,61,113,48,60,60,294,367
25,25,61,108,61,60,60,303,364
28,27,61,102,75,60,60,320,367
24,26,60,68,177,60,60,303,363
4,4,59,64,87,60,60,302,369
1,0,59,64,88,60,60,303,365
4,-2,67,74,87,60,60,309,370
3,0,72,71,89,60,60,302,365
11,12,70,68,136,60,60,327,362
22,22,71,59,106,60,60,302,365
24,25,71,44,117,60,60,302,369
25,26,69,41,219,60,60,303,365
8,9,67,39,45,60,60,302,364
1,1,67,36,225,60,60,303,365
0,0,67,38,153,60,60,340,406
0,0,67,37,136,60,60,361,430
0,0,67,38,167,60,60,386,473
0,0,67,38,223,60,60,416,490
0,0,67,38,136,60,60,441,496
0,0,67,38,45,60,60,469,496
0,0,67,38,136,60,60,468,496
0,0,67,38,45,60,60,468,498
0,0,67,38,175,60,60,472,510
1,-1,67,49,46,60,60,468,496
0,0,69,70,134,60,60,470,503
2,-2,74,37,135,60,60,467,496
4,-3,86,35,92,60,60,467,496
1,-1,88,44,72,60,60,468,496
16,-10,118,41,76,53,60,468,496
13,-11,156,362,59,60,60,468,496
3,-1,163,43,111,60,60,467,496
0,0,163,43,62,60,60,468,496
4,6,160,121,60,60,60,466,496
21,20,159,84,70,60,60,468,498
22,23,158,200,82,60,60,467,497
23,23,157,93,91,60,60,468,497
23,25,156,101,104,60,60,467,496
22,21,155,104,115,60,60,467,496
20,21,153,69,125,60,60,468,496
16,17,152,91,148,60,60,475,508
14,15,151,89,168,60,60,467,496
1,3,150,79,165,60,60,471,508
-4,8,133,49,152,60,60,468,496
-10,14,99,37,87,20,60,468,496
-7,7,74,29,187,60,60,469,496
0,0,74,29,95,60,60,469,496
0,0,74,28,186,60,60,468,498
1,-3,81,43,184,60,60,468,496
0,0,82,28,185,60,60,468,496
4,-3,90,38,188,24,27,467,496
3,-1,95,36,189,45,60,467,498
0,0,95,37,95,39,60,469,496
7,-5,109,34,111,60,60,468,496
12,-12,146,58,178,60,60,468,496
2,-1,152,75,173,60,60,468,496
2,-1,157,102,185,60,60,470,513
3,-3,162,103,87,60,60,469,496
9,-9,-167,137,37,60,60,468,498
4,1,-164,130,55,60,60,468,496
18,17,-163,131,70,60,60,469,495
24,21,-158,123,55,60,60,470,495
23,22,-155,116,45,60,60,467,497
22,20,-152,131,51,60,60,468,496
21,19,-150,215,61,60,60,467,496
20,17,-147,116,68,60,60,467,496
17,18,-147,89,63,60,60,467,497
19,18,-146,119,70,60,60,484,505
20,20,-146,111,78,60,60,468,496
23,24,-146,93,88,60,60,467,496
25,25,-146,107,79,60,60,467,496
27,26,-146,67,108,60,60,467,496
27,27,-146,87,130,60,60,468,496
17,-2,-125,84,70,33,60,472,480
2,-1,-120,88,71,60,60,467,496
19,16,-116,71,78,60,60,466,513
26,23,-111,69,527,60,60,468,496
23,21,-109,48,102,60,60,479,503
13,25,-114,35,110,35,60,467,496
-15,18,-159,56,110,60,60,479,477
-15,10,161,120,90,60,19,467,496
-1,1,158,91,58,60,60,467,496
2,-4,168,119,58,60,60,455,488
0,0,167,90,242,60,60,456,513
0,0,167,128,300,60,60,428,496
0,0,167,123,222,60,60,399,475
0,0,167,129,59,60,60,368,492
0,0,167,118,229,60,60,384,508
0,0,167,120,301,60,60,375,496
0,0,167,122,225,60,60,383,513
0,0,167,122,246,60,60,375,498
0,0,167,128,225,60,60,371,513
0,0,167,118,104,60,60,395,501
3,-3,172,78,300,60,60,375,496
4,-2,-174,66,134,60,60,360,488
0,0,-174,64,305,60,60,374,513
0,0,-174,65,133,60,60,378,511
-1,1,-175,64,305,60,60,381,509
-4,4,170,117,103,60,60,375,496
0,0,170,89,301,60,60,380,498
0,0,170,100,113,60,60,401,495
0,0,170,102,280,60,60,445,507
0,0,170,116,91,60,60,466,513
0,0,170,117,263,60,60,476,506
12,8,172,114,234,60,60,467,497
21,19,176,76,73,60,60,468,496
24,22,179,83,137,60,60,450,486
7,20,173,84,334,60,17,468,496
10,16,162,82,142,60,60,451,492
15,17,160,77,63,60,60,468,496
23,26,156,94,110,60,60,469,495
25,25,152,79,63,22,60,468,496
21,-18,157,71,77,60,60,467,496
18,-3,-177,94,133,60,60,474,508
10,-3,-168,66,527,60,60,467,498
0,9,-178,87,159,60,42,457,480
-5,8,177,85,325,60,60,466,513
-3,7,173,84,156,60,60,477,504
14,10,178,95,40,60,60,468,496
27,24,-177,85,55,28,60,468,496
30,27,-173,90,69,60,60,468,496
30,28,-167,100,77,60,60,468,496
31,26,-162,39,71,60,60,468,496
28,22,-154,37,82,60,60,468,497
2,13,-159,80,80,60,60,467,496
-2,1,-163,75,82,60,60,468,496
-3,0,-168,76,79,60,48,470,495
-6,4,179,81,34,60,60,467,497
-8,7,155,113,26,60,60,468,496
10,11,153,103,31,60,60,468,496
21,20,154,102,42,60,60,468,496
25,23,157,65,52,60,60,467,496
30,25,163,104,68,60,60,467,496
31,25,174,75,48,60,60,468,496
8,20,178,61,41,60,60,468,496
14,18,172,100,100,60,60,470,497
19,17,175,87,110,60,58,467,496
16,14,179,71,39,60,55,479,480
-7,12,158,77,107,60,60,469,496
-12,14,118,66,37,60,60,471,506
-1,4,110,56,25,60,60,469,496
9,10,109,52,28,60,60,468,498
3,7,105,49,28,60,60,468,496
-3,15,81,43,26,60,60,469,496
-12,26,26,50,40,60,50,467,496
-8,12,-9,63,64,60,60,468,498
-1,3,-15,100,63,60,60,467,497
11,14,-19,121,73,60,60,469,496
17,24,-29,68,70,60,60,467,484
20,22,-35,93,89,60,60,469,498
11,2,-33,65,83,60,60,452,487
16,15,-31,65,79,60,60,467,496
21,18,-29,73,94,60,60,472,499
23,22,-31,80,46,60,60,468,496
21,20,-30,71,63,60,60,476,504
17,-1,-12,63,62,60,60,466,496
16,5,11,63,54,60,60,470,495
19,18,11,59,56,60,60,468,496
18,20,9,90,55,60,60,466,512
19,20,7,84,61,60,60,468,496
19,8,7,81,71,41,60,473,503
17,-4,38,84,35,60,60,468,498
21,12,51,106,44,60,60,466,502
20,18,56,65,52,60,60,468,496
18,18,55,101,61,60,60,466,514
16,18,53,80,56,60,60,468,496
14,15,51,75,39,58,60,467,496
10,14,47,91,46,49,60,468,497
9,14,42,81,72,41,60,468,496
12,10,38,80,89,35,60,467,496
14,9,47,77,91,37,60,471,505
11,3,51,73,61,34,35,468,496
11,4,63,105,58,47,60,467,496
14,13,65,97,64,46,60,468,496
12,12,65,63,71,45,60,469,496
0,3,62,82,71,45,60,467,497
-16,11,25,58,50,24,28,468,496
-14,5,-3,25,35,27,37,468,496
-1,0,-5,25,35,28,34,467,497
0,0,-5,25,34,28,35,468,496
0,0,-5,25,34,28,39,470,499
0,0,-5,25,35,28,35,443,497
0,0,-5,25,34,29,38,443,496
0,0,-5,24,34,28,37,464,496
0,0,-5,25,34,28,45,469,495
0,0,-5,24,34,28,39,468,498
0,0,-5,25,34,29,36,468,496
0,0,-5,24,35,28,39,441,496
0,0,-5,25,34,26,40,415,496
0,0,-5,24,34,30,38,394,503
0,0,-5,25,34,28,40,400,453
0,0,-5,23,34,26,43,401,423
0,0,-5,25,35,29,42,380,393
0,0,-5,24,35,26,42,366,362
0,0,-5,25,34,29,43,337,330
0,0,-5,24,34,28,42,326,301
0,0,-5,24,34,29,43,311,267
0,0,-5,25,34,28,37,321,239
0,0,-5,23,34,28,48,311,205
0,0,-5,20,33,28,35,333,203
0,0,-5,18,35,28,35,342,201
0,0,-5,18,34,30,40,338,213
0,0,-5,20,35,28,40,324,201
0,0,-5,52,35,28,42,327,196
0,0,-6,23,34,28,41,267,199
0,0,-6,25,34,28,33,234,213
0,0,-6,25,34,28,37,229,209
0,0,-6,25,34,28,42,260,250
0,0,-6,25,34,28,40,281,270
0,0,-6,24,34,28,36,297,294
0,0,-5,25,35,29,37,299,289
3,-3,3,52,33,26,46,308,301
2,-2,6,53,34,25,60,298,289
0,-2,8,53,41,28,60,299,288
3,-6,21,62,68,27,60,319,281
0,-5,28,55,68,32,60,297,289
3,-5,38,65,116,34,60,298,289
0,-2,42,65,117,33,60,298,289
0,0,42,65,116,38,60,298,290
8,-5,57,86,70,40,60,297,288
5,-8,77,94,68,58,60,298,290
1,0,78,95,67,60,60,296,290
-3,2,71,52,67,60,60,312,292
3,3,71,96,69,60,60,297,292
13,13,70,57,71,60,60,324,290
16,16,70,122,82,54,60,297,291
20,22,68,103,93,60,60,298,289
21,23,64,105,103,46,60,300,289
19,23,59,96,70,42,60,301,286
10,13,54,88,60,34,60,314,297
0,1,53,91,73,36,60,297,288
0,0,53,91,59,34,60,325,296
-3,1,49,66,70,34,60,298,288
0,0,48,63,67,32,60,324,319
0,0,48,66,68,34,60,346,341
0,0,48,66,68,37,60,381,383
0,0,48,65,69,30,60,404,404
0,0,48,65,70,35,60,434,443
0,0,48,83,67,36,60,461,467
0,0,48,65,68,34,60,468,492
0,0,48,66,65,32,60,470,495
0,0,48,65,67,33,60,469,496
0,0,48,65,67,35,60,468,496
2,-2,53,89,72,28,21,468,496
2,-2,57,112,68,40,60,468,496
7,6,57,85,72,38,60,467,497
17,18,55,75,80,38,60,472,507
18,10,61,69,90,29,60,469,495
3,-2,69,186,92,50,60,468,496
7,9,66,369,94,40,60,468,496
18,16,68,186,101,34,60,468,497
17,17,67,122,107,41,60,469,498
14,16,64,85,112,36,60,468,496
-1,4,58,109,111,37,60,468,496
-9,10,30,75,72,18,48,467,496
-5,3,17,44,51,19,60,468,496
-3,2,12,45,48,19,60,468,496
-6,2,0,46,45,20,60,468,495
0,1,0,49,45,20,60,468,496
0,0,0,48,45,20,60,467,497
3,-4,11,46,48,20,60,468,496
2,-2,14,47,49,21,60,467,496
2,-2,16,46,48,21,60,468,498
12,-12,47,89,103,32,60,458,481
10,-15,87,131,90,60,60,468,497
-1,-1,90,129,90,60,60,467,496
-1,0,85,99,73,60,60,469,496
0,0,85,102,71,60,60,467,496
-2,4,77,85,114,60,60,469,495
0,3,72,93,77,60,60,468,496
14,12,75,141,99,60,60,468,498
24,25,73,226,45,60,60,467,496
23,25,70,102,57,60,60,467,496
23,26,66,77,70,60,60,469,496
24,27,61,80,83,60,60,468,496
20,27,52,81,90,60,60,468,496
21,2,54,67,133,60,60,468,496
4,-2,56,129,61,60,60,469,497
13,-8,82,66,67,60,60,468,496
13,3,99,92,48,60,60,468,496
15,12,104,67,40,60,60,493,498
1,5,98,65,57,60,60,468,496
0,1,96,64,59,60,60,468,496
-3,8,83,89,69,60,60,468,496
-2,2,83,62,61,60,60,467,496
0,0,83,61,61,60,60,468,493
-3,7,69,262,118,60,60,467,496
-3,1,70,361,79,60,60,467,496
1,2,70,361,118,60,60,468,496
11,11,69,355,79,60,60,468,496
19,21,66,112,46,60,60,467,496
21,23,63,99,58,60,60,468,497
21,23,59,120,117,60,60,468,496
16,1,69,87,63,60,60,467,496
4,-2,75,85,75,60,60,468,498
1,1,75,85,73,60,60,467,496
9,6,79,87,73,60,60,467,496
17,13,85,304,52,60,60,469,496
18,16,88,82,80,60,60,467,497
19,18,90,111,58,60,60,468,496
19,18,91,102,84,60,47,468,496
17,17,91,94,87,60,60,468,496
17,17,91,70,121,60,56,467,496
5,15,89,84,41,60,58,469,496
-4,7,84,88,41,60,60,467,496
-2,2,81,94,72,60,60,468,496
-7,8,56,58,45,60,60,469,495
-1,3,51,120,71,60,60,470,496
-6,4,35,75,53,33,60,469,495
4,6,33,72,54,60,60,468,496
8,10,31,60,58,60,60,467,496
-11,13,-2,43,28,60,60,469,495
-2,6,-16,66,27,60,60,468,495
13,14,-17,69,34,60,60,468,496
12,13,-18,47,41,60,60,468,496
1,1,-18,45,41,60,60,468,496
1,0,-18,47,41,60,60,468,496
10,-9,9,55,46,60,60,468,496
2,-3,18,52,48,53,60,467,496
0,0,18,53,48,60,60,470,495
0,0,18,52,48,60,60,468,496
0,0,18,53,48,60,60,467,497
3,-1,24,76,61,60,60,467,496
0,0,23,76,51,56,60,471,502
10,-8,48,80,89,60,60,467,496
5,-5,62,72,53,60,60,468,496
3,3,61,108,99,60,60,468,496
21,18,62,219,63,60,60,467,496
26,10,72,220,35,60,60,468,496
26,14,90,90,74,60,60,463,498
5,16,90,115,62,60,60,466,498
-1,6,80,118,48,60,60,452,488
15,13,82,111,53,60,60,467,496
23,25,79,177,88,60,60,468,496
24,26,76,118,82,60,60,467,496
27,29,74,102,93,60,60,473,499
26,27,71,144,45,60,60,469,496
24,26,68,130,110,60,60,467,496
24,26,65,119,125,60,60,468,496
20,22,63,109,100,60,60,467,496
-1,10,51,69,49,60,60,468,496
-9,8,23,101,42,60,60,467,496
-2,1,19,175,37,60,60,468,496
-2,1,13,177,34,60,60,466,496
0,0,13,41,34,60,60,468,496
0,0,13,42,34,60,60,466,498
0,0,13,178,34,60,60,468,496
9,-6,35,90,63,60,60,466,496
3,-3,44,108,74,60,60,470,504
7,9,41,104,53,60,60,470,495
18,18,41,97,59,60,60,468,496
22,23,41,88,67,60,60,467,496
18,-1,49,79,90,60,60,468,496
4,-1,52,78,125,60,60,466,513
9,11,49,75,526,60,60,470,495
20,19,50,65,92,60,60,468,496
8,8,49,61,105,60,60,467,496
1,0,49,62,105,60,60,467,497
0,0,49,61,105,60,60,467,496
0,0,49,62,105,60,60,467,496
0,0,49,61,106,60,60,467,496
0,0,48,62,96,60,60,468,496
-9,6,28,73,58,60,60,468,496
-16,9,-4,523,47,29,60,467,496
-13,6,-34,58,47,47,60,467,496
-7,3,-51,59,50,60,60,469,496
0,0,-50,58,49,60,60,468,496
0,0,-50,58,49,60,60,467,496
0,0,-50,58,49,60,60,484,500
3,-4,-44,48,47,60,60,467,496
1,-2,-37,60,45,60,60,481,500
7,-9,-19,345,44,60,60,467,496
13,-18,28,70,60,60,60,492,499
1,-5,39,65,53,60,60,467,496
1,0,39,64,91,60,60,468,498
11,11,40,61,54,60,60,466,496
18,17,41,52,96,60,60,460,494
17,16,42,45,106,60,58,467,496
17,17,43,38,75,60,47,467,496
17,17,43,30,77,60,39,465,497
6,6,43,28,54,60,38,470,503
-1,1,42,28,111,60,37,468,496
-7,6,24,89,76,60,40,466,497
-12,9,-8,77,59,60,60,468,496
-3,1,-13,106,59,60,60,463,496
0,0,-15,108,59,60,60,467,496
5,5,-15,105,61,60,60,466,496
15,15,-15,100,64,60,60,469,496
15,16,-16,90,63,60,60,468,498
18,19,-16,90,84,60,60,467,496
18,18,-17,77,69,60,52,468,496
17,17,-18,85,76,60,56,467,496
17,17,-18,78,86,60,43,467,496
16,16,-18,138,95,60,38,467,498
15,16,-19,123,99,60,60,467,498
7,15,-20,114,48,60,60,493,497
4,11,-30,50,120,60,60,467,496
8,12,-35,122,63,60,60,492,498
11,13,-38,91,91,60,60,470,497
12,14,-40,84,57,60,60,468,495
12,1,-34,103,71,60,60,467,496
10,7,-29,88,77,60,60,468,495
13,10,-26,121,170,60,60,468,496
15,13,-23,204,88,60,60,470,503
16,14,-20,155,91,60,60,468,496
18,17,-18,175,107,60,60,468,496
19,16,-16,138,203,60,60,468,496
17,16,-13,103,135,60,60,468,496
18,16,-10,82,94,60,60,470,495
17,17,-11,85,90,60,58,468,496
3,16,-18,75,128,60,60,468,498
3,17,-40,80,56,55,60,467,496
13,20,-51,69,48,60,60,467,498
14,3,-48,67,69,60,60,467,497
15,12,-42,76,63,60,60,468,496
20,17,-38,54,86,60,60,468,496
19,18,-36,87,91,60,60,468,496
22,22,-36,88,88,60,60,461,494
14,22,-42,68,88,60,26,468,496
-15,19,-92,99,33,32,60,468,496
-8,6,-114,52,32,60,43,468,496
0,1,-114,51,32,60,47,467,496
0,0,-114,52,32,60,45,468,496
9,-9,-92,36,33,60,60,467,496
16,-22,-39,94,82,60,60,471,506
15,-22,18,61,37,60,60,468,496
4,-3,28,60,34,60,60,468,496
14,11,31,43,37,60,55,468,496
22,19,36,33,40,60,40,467,496
6,5,37,29,44,60,36,468,496
0,1,36,29,41,60,35,468,496
-10,10,12,48,61,49,40,467,496
-6,5,-8,63,79,60,57,469,495
-4,6,-20,61,94,60,60,469,496
-1,1,-24,61,93,60,60,467,496
-5,4,-35,78,85,60,60,468,497
0,2,-39,81,78,60,60,467,496
15,14,-39,64,92,60,60,468,497
24,26,-41,65,101,60,60,468,496
26,26,-42,53,93,60,60,469,497
24,23,-43,68,72,60,60,468,496
15,-4,-28,62,156,60,60,471,508
0,6,-33,81,90,60,60,468,496
-9,15,-68,54,44,60,60,469,495
-5,5,-85,43,34,60,60,468,496
0,0,-85,42,34,60,60,478,500
0,0,-85,43,34,60,60,467,498
2,-5,-75,48,42,60,60,467,496
5,-6,-62,47,50,60,60,467,496
6,-5,-42,79,80,60,60,468,496
12,12,-43,59,97,60,60,468,496
21,21,-44,60,173,60,60,476,506
20,3,-24,94,82,60,60,466,496
23,18,-17,260,86,60,60,467,496
-3,15,-31,86,106,60,60,467,496
0,2,-34,72,295,60,60,470,495
11,8,-34,75,167,60,60,468,476
25,25,-35,57,56,51,60,482,505
29,30,-36,61,70,60,60,467,496
28,14,-25,81,84,60,60,469,496
28,23,-19,117,47,60,60,468,498
22,21,-16,103,69,60,60,468,496
25,23,-14,91,71,60,60,468,496
23,22,-12,80,62,60,60,466,496
21,20,-11,89,61,60,60,468,496
17,16,-11,106,62,60,60,467,496
20,19,-11,128,50,60,60,469,496
20,21,-12,110,62,60,60,468,498
18,20,-14,96,72,60,60,468,496
19,20,-16,123,83,60,60,468,497
18,20,-18,92,87,60,60,469,496
18,20,-20,119,47,60,60,468,498
19,19,-22,118,107,60,60,469,496
12,13,-23,50,114,60,60,468,496
11,10,-24,108,55,60,60,483,492
10,11,-25,99,72,60,60,468,496
13,14,-26,96,67,60,60,467,496
16,17,-27,81,77,60,60,468,496
20,20,-27,75,150,60,60,467,496
24,22,-26,181,97,60,60,477,502
24,23,-25,128,50,60,60,495,492
28,26,-22,110,114,60,60,467,496
29,29,-21,140,77,60,60,467,496
30,29,-21,125,68,60,60,468,496
26,27,-21,111,81,60,60,451,498
9,3,-13,109,94,60,60,468,496
2,-2,-12,109,107,60,60,468,496
5,-6,5,110,55,60,60,468,496
4,4,6,109,50,60,60,469,496
23,20,10,68,43,60,60,468,496
30,27,14,91,57,60,60,467,496
29,27,16,81,63,60,60,466,513
26,25,17,71,86,60,60,468,496
21,0,39,83,73,58,60,464,495
22,17,46,84,90,60,60,468,497
23,21,47,76,98,60,60,470,496
19,22,45,94,95,60,60,496,496
24,27,39,86,67,58,60,468,496
20,13,31,71,101,60,60,468,498
18,2,58,78,113,60,60,467,496
22,16,68,173,93,60,60,467,496
20,17,71,153,99,60,60,467,496
23,24,70,116,118,60,60,468,496
21,25,66,143,61,60,60,468,496
11,14,62,138,70,60,60,469,496
10,13,59,94,71,60,60,477,506
16,19,53,90,85,60,60,468,496
15,19,48,85,54,60,60,468,496
16,6,52,81,94,60,60,468,496
15,-8,89,93,54,60,60,468,496
19,1,119,67,33,60,60,467,496
10,1,132,59,32,60,60,468,496
12,-11,162,57,30,60,60,469,496
7,-8,-173,63,33,60,60,468,496
0,0,-173,63,33,60,60,468,496
9,8,-172,61,39,60,60,469,495
18,15,-169,54,52,60,60,467,496
11,-3,-151,56,73,60,60,469,496
9,-12,-120,76,109,60,60,470,505
2,-1,-117,78,94,60,60,467,498
12,10,-114,83,93,60,60,468,496
18,16,-111,156,68,60,60,467,496
17,15,-108,90,102,58,60,472,508
18,16,-104,98,107,35,60,468,497
24,20,-98,70,119,60,60,470,496
21,19,-94,78,113,60,60,470,496
21,18,-90,69,86,60,60,468,496
8,14,-94,80,55,33,60,469,496
8,8,-94,59,143,60,60,471,502
9,11,-95,82,94,60,60,468,496
-1,14,-113,94,125,60,60,476,506
10,15,-121,116,80,60,60,467,496
10,3,-120,110,42,60,60,467,497
12,5,-107,109,81,60,60,466,496
13,11,-104,70,59,60,60,468,496
12,10,-101,69,59,60,60,467,496
14,13,-99,65,64,60,60,468,497
14,14,-99,77,66,60,52,467,496
17,17,-99,78,77,60,47,466,496
20,20,-99,64,131,60,40,468,496
20,20,-99,54,64,60,36,469,494
18,17,-99,47,67,60,35,492,498
3,3,-99,49,70,60,32,470,496
0,0,-99,49,69,60,30,467,496
-2,3,-104,47,129,54,35,468,496
-6,8,-125,47,58,60,60,468,497
3,3,-125,46,59,60,57,469,496
10,12,-129,41,32,60,60,473,505
1,2,-130,40,32,60,60,467,513
-7,4,-145,43,32,60,57,468,497
1,4,-150,43,66,60,55,469,495
13,18,-157,39,76,60,46,467,496
2,6,-161,47,19,60,45,466,496
0,0,-162,96,42,60,45,468,495
-4,5,-176,104,13,60,49,468,496
0,2,179,93,12,60,55,467,496
16,19,176,92,19,60,60,468,497
20,23,172,67,28,60,60,470,492
27,30,167,99,42,60,60,467,496
22,21,166,63,52,60,60,469,496
13,-7,-167,52,63,60,60,470,495
5,-4,-156,58,74,60,60,469,495
3,-1,-149,59,81,60,60,467,497
4,3,-150,56,55,60,60,479,475
21,19,-147,59,96,60,60,468,496
16,-3,-125,80,89,60,60,467,496
2,-1,-120,75,70,60,57,470,496
13,11,-119,134,80,60,57,467,497
17,16,-116,66,88,57,54,482,505
15,13,-115,109,87,60,51,469,496
12,11,-114,74,98,60,45,468,496
12,12,-114,100,53,60,46,469,496
10,11,-114,92,59,60,47,468,496
8,8,-114,63,61,60,45,473,506
9,8,-115,84,65,60,47,467,494
5,-3,-106,84,64,60,37,467,498
11,-18,-64,58,36,60,19,467,496
1,-5,-56,18,32,60,20,468,496
1,-1,-53,16,88,56,19,466,496
2,-4,-46,16,40,44,20,468,496
7,-8,-23,16,78,25,27,468,496
1,-1,-25,16,40,25,24,468,496
3,3,-26,14,41,23,23,467,496
9,10,-29,9,45,14,14,468,496
1,2,-30,9,32,13,11,485,494
0,0,-30,9,32,14,11,434,496
0,0,-31,9,32,14,10,424,472
0,0,-31,9,32,14,12,381,440
0,0,-31,9,32,14,11,354,411
0,0,-31,9,32,13,11,342,380
0,0,-31,9,32,14,11,342,347
0,0,-31,9,31,14,11,341,319
0,0,-31,9,32,13,11,343,311
0,0,-31,8,32,14,12,344,310
0,0,-31,9,33,13,11,342,329
0,0,-31,9,32,14,11,342,338
0,0,-31,9,32,14,11,342,339
0,0,-31,9,32,14,11,342,337
0,0,-31,9,32,14,11,361,355
0,0,-31,8,32,14,11,402,393
0,0,-31,8,32,14,11,426,421
0,1,-31,9,32,14,11,439,442
0,0,-31,9,32,14,11,468,474
0,0,-31,9,32,14,11,467,496
0,0,-31,9,32,13,11,468,496
-3,2,-36,8,34,15,11,468,497
-16,14,-79,59,117,17,15,466,496
-9,2,-96,47,61,60,24,469,496
-3,2,-99,50,98,60,26,468,496
3,3,-99,48,90,60,25,469,496
11,11,-102,141,68,60,25,460,492
-3,1,-106,84,122,17,26,470,495
-9,4,-118,56,120,60,37,467,496
1,4,-120,523,138,60,42,468,496
14,14,-123,48,72,60,49,468,496
20,22,-125,99,40,60,53,468,496
24,24,-126,93,75,60,57,467,496
24,24,-126,90,70,60,60,469,496
19,19,-126,98,52,60,60,468,496
2,3,-126,238,52,60,60,467,496
0,-1,-124,75,67,60,55,467,496
5,-14,-100,98,72,60,32,468,498
11,-22,-50,18,34,48,22,479,476
1,-7,-39,19,48,36,25,469,496
0,-2,-40,18,48,38,25,469,495
12,9,-35,13,42,24,19,468,496
4,5,-36,11,32,18,13,468,496
0,0,-36,11,31,18,13,466,497
0,0,-36,11,39,18,13,441,474
0,0,-36,11,31,18,13,408,439
0,0,-36,11,30,18,13,382,407
0,0,-37,11,31,18,13,375,400
0,0,-37,11,38,18,13,378,406
0,0,-37,11,39,18,13,380,400
0,0,-37,11,39,18,13,377,399
0,0,-37,11,39,18,13,377,409
-4,3,-47,12,35,23,13,375,401
0,0,-49,12,36,28,13,375,400
0,0,-49,12,37,25,13,375,400
0,0,-49,12,36,27,13,377,400
0,0,-49,12,36,28,13,375,400
-7,5,-65,17,51,60,15,374,401
-3,2,-70,83,51,60,17,364,397
0,0,-71,82,50,60,17,360,369
0,0,-71,83,50,60,17,346,349
0,0,-71,82,35,60,16,308,312
0,0,-71,82,40,60,17,328,324
3,-4,-59,14,247,49,15,317,318
0,0,-59,15,56,55,16,308,310
0,0,-59,19,56,57,16,306,312
0,0,-59,14,57,57,15,305,313
0,0,-59,18,56,58,15,307,312
0,0,-59,18,56,57,16,308,310
0,0,-59,19,56,53,16,322,330
0,0,-59,15,57,56,15,346,355
0,0,-60,19,56,55,15,376,384
0,0,-60,18,56,54,15,398,411
0,0,-60,15,57,56,15,430,442
0,0,-60,18,57,57,15,452,473
0,0,-60,15,57,53,16,469,496
0,0,-60,19,57,56,15,469,495
0,0,-60,18,56,55,15,468,496
-11,8,-86,81,161,15,21,468,496
-8,2,-102,46,70,60,30,472,502
5,9,-106,81,73,60,32,468,496
1,2,-109,106,160,60,33,467,496
2,2,-109,97,161,60,34,468,496
12,13,-111,92,59,60,34,468,496
17,19,-112,83,81,60,31,468,498
16,18,-113,121,98,60,29,467,496
-4,9,-133,268,36,60,60,468,501
1,4,-134,102,46,60,60,470,511
14,13,-133,111,56,60,60,467,498
20,20,-132,250,47,60,60,468,497
22,22,-132,91,56,60,60,471,506
23,23,-133,84,68,60,60,468,496
17,1,-118,171,75,60,58,467,496
14,-20,-71,97,37,60,26,468,496
16,1,-33,19,147,27,22,450,486
16,13,-27,12,36,14,14,467,496
1,2,-28,12,151,11,11,479,479
-1,1,-29,11,29,13,11,467,496
-4,5,-44,12,37,17,10,468,496
-1,0,-46,12,45,20,10,482,505
0,0,-46,12,45,19,10,448,469
0,0,-46,12,45,19,10,434,444
0,0,-46,12,45,19,10,394,407
0,0,-46,12,45,19,10,370,380
0,0,-46,12,44,19,10,359,346
0,0,-46,11,44,17,10,318,325
0,0,-46,12,44,20,10,318,326
0,0,-46,12,45,19,10,339,303
0,0,-46,12,45,19,10,357,285
0,0,-46,12,45,20,10,340,287
0,0,-46,12,45,19,10,359,285
0,0,-46,12,45,20,10,374,291
0,0,-46,12,45,18,10,351,286
0,0,-46,12,46,18,10,371,287
0,0,-47,12,46,19,10,349,298
0,0,-47,12,45,18,10,391,338
0,0,-47,12,45,19,10,392,362
0,0,-47,12,44,18,10,439,402
0,0,-47,12,46,19,10,447,422
0,0,-47,12,45,19,10,466,453
0,0,-47,12,46,19,10,467,483
0,0,-47,12,45,19,10,468,497
0,0,-47,12,46,19,10,467,496
-10,8,-68,85,48,60,12,468,496
-15,5,-102,202,87,60,27,469,502
-4,1,-105,70,64,60,28,454,489
-1,2,-103,115,66,60,27,436,489
-3,4,-102,94,69,60,27,433,488
-1,1,-102,84,77,60,28,433,488
-1,2,-102,98,77,60,28,433,490
4,7,-108,226,66,60,30,432,488
1,2,-108,71,68,60,29,455,486
4,4,-106,229,56,60,29,420,488
7,7,-107,69,64,60,30,420,489
19,19,-107,97,87,60,26,420,489
5,19,-121,84,80,15,32,420,490
-7,3,-134,211,71,60,60,445,490
9,10,-134,129,79,60,60,419,489
20,20,-134,98,66,60,60,419,489
22,22,-133,87,49,60,60,411,487
25,23,-132,176,111,60,60,434,497
25,23,-131,62,94,60,60,419,489
24,24,-129,107,83,60,60,420,489
17,17,-129,127,77,60,60,420,489
1,1,-128,139,70,60,60,418,490
8,-10,-108,144,54,60,57,420,489
7,-15,-72,71,68,60,33,421,488
0,-2,-69,85,44,60,37,445,488
11,9,-66,58,33,60,29,421,488
5,5,-66,25,47,60,25,420,488
0,1,-66,24,47,60,26,420,489
14,12,-65,21,29,60,20,420,491
7,-1,-54,17,42,40,17,420,489
0,-2,-51,17,157,37,18,420,488
0,0,-51,17,92,38,17,409,467
0,0,-51,17,140,35,16,398,456
0,0,-51,17,91,33,18,371,440
0,0,-51,17,86,36,17,381,418
0,0,-51,17,158,38,18,371,379
0,0,-51,17,90,37,18,367,364
0,0,-51,17,92,37,18,371,317
0,0,-51,17,92,37,17,381,318
0,0,-51,17,88,38,17,371,312
0,0,-51,17,157,38,18,371,312
0,0,-51,17,99,38,17,381,318
0,0,-51,17,99,42,18,381,322
0,0,-51,17,158,37,17,371,312
1,-1,-50,16,53,36,17,371,311
8,-10,-22,16,59,21,22,372,312
2,-2,-20,17,33,21,28,372,311
0,0,-20,17,34,21,28,371,311
0,0,-20,17,34,22,28,371,311
0,0,-20,17,34,19,28,371,312
-6,5,-36,16,39,26,22,371,312
-2,0,-39,17,48,30,21,371,312
0,0,-39,17,48,29,21,374,314
0,0,-39,17,47,29,21,403,345
0,0,-39,17,47,29,21,430,377
0,0,-39,17,45,29,21,459,408
0,0,-39,17,46,29,21,465,440
0,0,-39,17,47,29,22,468,470
0,0,-39,17,46,30,21,468,496
0,0,-39,17,46,29,20,467,496
0,0,-39,17,47,29,20,468,496
0,0,-39,17,46,30,20,449,489
0,0,-39,17,46,31,20,456,495
0,0,-39,17,46,29,21,430,488
0,0,-39,17,46,31,22,436,491
0,0,-39,17,46,30,22,405,491
0,0,-39,17,46,26,21,405,489
0,0,-39,17,46,30,22,406,489
0,0,-39,17,35,27,21,405,489
0,0,-39,17,46,25,20,423,490
0,0,-39,17,46,30,21,392,489
-2,1,-44,17,32,33,19,420,488
-2,1,-48,19,30,39,20,392,489
-9,6,-69,87,28,60,22,392,489
-7,3,-83,84,35,60,28,392,490
-2,1,-84,84,42,60,29,392,489
0,1,-85,85,156,60,29,417,490
2,3,-86,83,50,60,28,394,488
-1,2,-88,86,39,60,29,393,489
-12,6,-114,70,335,60,51,417,492
3,4,-118,81,86,60,53,392,489
17,17,-117,94,94,60,49,391,489
22,22,-116,85,83,60,45,394,489
21,21,-116,92,90,60,43,392,490
6,6,-116,76,346,60,37,408,496
-2,2,-117,102,67,60,42,391,489
-5,2,-130,74,93,60,60,392,488
15,13,-130,101,96,60,60,392,489
23,23,-130,87,84,60,60,392,489
28,29,-130,75,104,60,60,393,488
16,15,-128,66,132,60,60,392,489
4,-5,-119,68,79,60,54,392,489
10,-18,-77,85,34,60,29,391,490
3,-7,-67,61,30,60,28,392,489
1,-1,-67,51,29,60,29,408,498
2,0,-66,83,28,60,28,391,489
2,-4,-61,50,42,60,29,408,494
2,-5,-52,27,93,60,32,393,489
1,-1,-52,27,86,54,30,413,491
0,0,-52,27,93,60,33,392,490
-3,1,-55,28,46,60,33,394,488
-17,4,-83,63,49,60,40,391,489
-20,10,-126,74,46,60,60,406,497
-8,5,-148,54,57,60,60,392,490
14,17,-152,71,57,60,60,388,489
23,23,-152,61,59,60,60,392,486
4,4,-152,59,61,60,60,392,489
-1,1,-152,60,61,60,60,391,489
-4,3,-164,82,65,60,60,392,489
-4,3,-173,84,47,60,37,394,490
-4,1,-176,77,38,60,60,393,490
17,13,-174,80,50,60,60,409,495
22,23,-176,64,46,60,60,392,488
18,21,178,76,46,60,40,393,488
23,21,-178,59,57,60,60,392,489
-1,16,160,66,57,60,60,390,487
3,3,162,66,57,60,60,392,489
18,14,166,57,65,60,60,391,489
5,12,159,115,69,60,47,393,488
0,1,156,80,69,60,57,392,490
14,13,158,72,75,60,60,391,489
12,24,152,99,84,60,20,393,486
12,25,127,106,55,60,26,408,497
20,23,122,170,58,60,60,392,488
23,27,116,523,58,60,60,392,488
19,21,114,76,50,60,60,398,498
6,6,112,78,51,60,60,392,488
-3,5,100,75,50,60,60,392,489
-2,8,83,54,36,60,60,392,488
-2,0,85,72,36,60,60,393,487
-2,0,89,70,37,60,60,392,488
0,0,89,71,37,60,60,392,489
5,-4,98,66,51,60,60,392,488
10,-6,122,78,88,60,60,392,488
1,-1,122,77,85,60,60,392,489
0,-1,121,89,83,60,60,415,490
6,-6,134,101,45,60,60,392,489
13,-5,165,72,104,37,60,410,492
3,-1,169,88,81,60,60,393,488
1,-4,171,72,120,60,60,408,495
2,-9,-172,72,46,60,60,393,488
6,4,-174,66,47,60,60,392,488
20,19,-173,63,54,60,57,393,488
24,22,-169,51,75,60,33,393,486
4,1,-166,57,59,60,34,393,487
-1,5,-172,46,71,60,37,392,488
-1,2,-176,50,73,60,40,392,488
10,10,-175,54,63,60,32,391,489
19,18,-173,32,68,60,28,392,489
2,2,-172,31,71,60,27,393,490
-3,5,177,35,167,60,28,412,492
-10,15,138,111,67,60,60,391,488
7,12,127,95,49,60,60,392,489
26,26,127,89,58,60,60,392,489
32,29,131,89,74,60,60,393,488
19,17,135,78,120,60,60,392,489
2,1,136,77,84,60,60,392,489
-1,1,134,75,84,60,60,391,489
-4,12,112,60,81,60,60,395,488
-3,5,102,58,41,60,60,392,489
-1,0,103,60,41,60,60,393,489
0,0,103,59,41,60,60,393,489
-4,10,84,51,24,60,60,392,491
-1,5,78,46,24,60,60,417,490
-3,3,78,44,26,60,60,400,496
0,0,77,43,26,60,60,449,494
0,0,77,44,26,60,60,455,495
6,6,77,51,28,60,60,452,496
10,12,75,43,32,60,60,452,496
0,1,74,47,33,60,60,451,496
-5,6,59,40,31,60,60,451,497
0,2,54,48,32,60,60,475,504
10,10,54,111,36,60,60,451,496
15,17,50,38,44,60,60,451,496
4,5,48,104,47,60,60,453,497
0,0,48,109,47,60,60,451,497
1,0,48,43,47,60,60,466,505
7,-2,60,116,48,60,60,452,496
19,-15,107,59,68,60,37,452,496
21,-25,171,241,69,60,60,452,497
6,-10,-157,66,47,60,60,452,496
11,12,-157,61,37,60,60,452,496
24,21,-153,51,32,60,57,452,496
24,20,-148,42,50,60,52,451,496
7,5,-145,37,34,60,51,464,479
11,6,-144,35,47,60,45,454,495
21,19,-140,25,42,60,34,458,513
14,12,-135,20,66,60,23,452,496
1,1,-135,19,49,60,23,456,508
0,0,-135,20,50,60,23,452,496
-12,7,-159,90,60,60,23,452,496
-13,6,168,100,68,60,60,454,495
2,4,166,107,74,60,60,451,496
18,17,166,104,76,60,60,452,496
22,19,169,92,84,60,60,452,496
21,21,171,84,82,60,60,451,496
21,20,173,76,107,60,60,452,496
20,17,178,523,81,60,60,444,492
12,9,-176,63,89,60,60,452,496
0,1,-176,272,89,60,60,452,496
0,1,-176,109,88,60,60,452,496
-5,6,172,523,344,60,60,452,496
-2,2,159,463,116,60,60,452,496
7,7,159,286,104,60,60,452,496
16,16,161,119,90,60,60,452,497
20,17,163,83,527,60,60,461,505
17,14,167,112,46,60,60,451,496
16,18,170,286,528,60,60,451,497
-2,6,164,128,54,60,60,451,496
0,1,162,288,54,60,60,451,496
2,9,153,286,55,60,60,452,496
13,18,146,100,62,60,60,453,495
16,19,141,271,69,60,60,453,496
21,22,138,136,80,60,60,453,495
23,25,136,135,93,60,60,453,496
23,24,134,117,48,60,60,451,497
24,24,133,224,97,60,60,452,496
25,24,134,138,83,60,60,450,497
22,20,136,201,90,60,60,456,507
22,21,138,141,94,60,60,452,496
24,22,141,60,106,60,60,451,496
25,24,142,107,82,60,60,453,496
27,25,144,95,135,60,60,452,496
28,29,143,81,81,60,60,451,496
30,31,143,114,95,60,60,452,496
25,25,142,110,108,60,60,452,496
3,3,142,109,172,60,60,453,496
1,-3,146,109,107,60,60,453,496
9,-12,174,112,70,60,60,477,498
10,-14,-146,179,30,60,60,452,496
0,-3,-141,88,28,60,60,453,496
11,8,-137,169,33,60,60,452,496
24,21,-132,75,43,60,60,452,496
27,24,-127,62,53,60,60,451,496
28,26,-125,50,68,60,60,451,496
29,26,-122,82,80,60,60,452,510
28,27,-121,109,94,60,60,451,496
27,27,-120,57,89,60,60,453,496
28,28,-120,84,79,60,60,452,496
27,26,-119,71,90,60,60,464,504
9,9,-120,65,66,60,60,452,497
0,0,-120,66,64,60,60,452,496
0,0,-120,66,96,60,60,453,495
0,0,-120,65,96,60,60,451,496
10,-13,-93,70,121,60,60,446,494
14,-16,-54,97,95,60,54,451,496
17,-23,2,205,61,60,60,451,496
21,-27,66,166,54,60,60,453,498
18,-21,124,57,132,60,16,454,479
2,-5,133,111,166,60,60,453,496
6,4,133,111,178,60,60,452,496
23,19,137,100,98,60,60,452,496
29,27,142,88,77,60,60,452,496
32,29,145,72,200,60,60,452,496
32,28,150,58,135,60,60,461,511
30,28,154,47,238,60,60,452,496
27,25,157,116,88,60,60,458,476
26,24,160,91,283,60,60,459,509
22,20,163,90,101,60,60,455,506
26,22,168,72,312,60,60,446,494
13,22,163,70,527,60,21,452,498
12,24,143,94,288,60,30,452,510
26,31,135,101,373,60,60,452,496
22,24,130,66,79,60,60,454,495
7,9,128,60,59,60,60,451,496
6,8,126,81,63,60,60,452,496
15,18,121,72,55,60,60,452,496
21,24,116,61,55,60,60,453,496
-1,13,99,72,57,60,60,453,496
-1,7,84,108,48,60,60,452,496
6,5,86,93,48,60,60,453,496
6,13,84,72,58,60,60,453,496
0,8,69,103,59,60,60,452,496
3,4,69,96,53,60,60,454,495
9,10,68,128,50,60,60,452,496
6,15,58,113,51,60,60,452,496
-1,4,51,87,52,52,60,453,496
4,3,53,108,54,55,60,452,496
6,6,53,99,56,60,60,453,496
9,11,52,91,61,49,60,452,497
11,12,49,95,68,49,60,452,496
11,14,45,55,74,46,60,453,496
11,13,42,87,80,40,60,452,496
17,18,40,68,89,36,60,452,497
19,19,41,522,56,34,60,452,496
16,11,41,94,106,32,60,454,495
19,-3,61,98,112,60,60,453,498
16,6,87,71,130,60,60,451,497
-9,9,63,89,119,24,60,452,496
-2,3,54,88,116,49,60,453,496
12,9,55,86,120,52,60,452,497
22,19,58,76,131,60,60,451,496
23,21,61,95,60,60,60,453,497
27,24,64,82,96,60,60,452,497
26,25,67,112,204,60,60,453,499
24,24,67,80,94,60,60,452,498
6,22,54,68,121,60,60,453,496
10,17,41,105,61,60,60,451,496
15,17,39,97,69,60,60,477,498
18,19,37,89,102,60,60,452,496
24,24,37,77,41,60,60,464,504
29,28,38,68,99,60,60,455,495
29,28,38,66,90,60,60,452,496
29,28,39,78,88,60,60,452,496
30,30,40,69,49,60,60,454,510
30,28,42,97,64,60,60,451,496
30,30,43,85,76,60,60,453,497
31,29,44,94,88,60,60,452,496
27,26,46,89,93,60,60,452,496
30,29,48,83,75,60,60,454,496
33,31,50,95,136,60,60,452,498
30,29,52,84,49,60,60,450,513
33,31,55,217,45,60,60,452,496
34,30,59,152,47,60,60,452,496
32,30,64,93,62,60,60,453,496
33,30,68,81,50,60,60,451,512
16,27,69,96,44,60,60,452,498
-7,16,35,57,83,60,60,452,496
-4,5,21,78,40,60,60,452,496
4,0,27,72,80,60,60,452,496
1,0,27,82,94,60,60,453,497
5,-4,41,155,98,60,60,452,496
0,0,40,116,113,60,60,452,496
15,12,45,147,52,60,60,452,498
26,21,51,101,110,60,60,452,496
26,23,55,123,122,60,60,453,496
27,25,58,79,83,60,60,452,496
28,26,61,98,74,60,60,444,494
14,17,58,85,82,60,60,452,496
-14,10,23,94,76,60,60,463,504
3,15,4,132,49,60,60,452,496
23,26,0,122,54,60,60,450,512
28,29,-2,134,50,60,60,452,498
29,29,-2,96,70,60,60,453,503
18,28,-5,85,80,60,60,453,496
-5,24,-51,112,68,60,60,466,476
16,26,-67,47,87,43,60,451,496
26,31,-74,40,83,60,60,453,498
25,29,-81,45,74,60,20,452,496
19,28,-93,45,77,43,19,452,496
4,6,-96,43,75,60,60,452,496
-3,-2,-95,41,72,60,27,454,495
-24,-18,-103,47,60,60,28,454,496
-22,-17,-109,34,50,15,60,452,496
-3,-3,-110,36,49,60,60,453,497
10,-8,-86,50,59,60,60,452,496
16,-18,-36,118,95,60,45,451,496
2,-4,-25,87,107,60,60,451,496
5,4,-25,85,86,60,60,451,496
22,20,-22,75,104,60,60,452,497
31,28,-19,91,82,60,60,453,496
31,30,-16,89,54,60,60,451,496
28,27,-14,93,72,60,60,451,496
-2,23,-40,149,83,22,60,454,497
-2,5,-50,70,145,60,60,452,496
7,5,-50,76,78,60,60,452,497
22,22,-48,76,93,60,60,453,496
25,24,-47,85,58,60,60,453,495
31,29,-46,82,75,60,60,453,496
32,31,-44,70,81,60,60,454,496
31,31,-43,75,239,60,60,451,496
30,30,-42,62,107,60,60,452,496
32,31,-42,56,97,60,60,454,496
26,27,-43,108,76,60,60,452,496
31,30,-42,80,90,60,60,453,495
31,31,-41,78,92,60,60,451,496
32,31,-41,66,111,60,60,454,496
31,31,-41,68,49,60,60,453,496
28,28,-40,75,180,60,60,452,498
31,31,-40,103,80,60,60,451,496
32,31,-40,84,80,60,60,451,496
32,32,-40,88,51,60,60,452,496
29,30,-41,386,205,60,60,464,505
29,30,-41,123,72,60,60,452,496
33,32,-40,98,51,60,60,454,496
32,33,-40,91,57,60,60,454,496
33,32,-40,272,63,60,60,452,496
30,31,-39,61,66,60,60,453,496
34,34,-39,92,82,60,60,451,496
29,28,-39,67,66,60,60,452,496
33,33,-38,88,106,60,60,451,497
33,33,-37,89,104,47,60,452,496
33,31,-36,105,69,60,60,451,496
29,29,-35,98,71,60,60,451,499
30,28,-34,93,86,60,60,451,496
29,29,-32,180,52,60,60,451,496
28,27,-31,129,62,60,60,452,496
31,29,-31,150,84,60,60,453,496
31,31,-30,87,224,60,60,453,495
32,32,-31,119,148,60,60,456,512
30,31,-31,63,72,60,60,452,496
13,26,-35,47,263,60,60,453,496
-11,20,-82,100,527,60,60,461,506
-3,3,-93,73,19,60,60,453,496
-7,4,-109,109,24,20,60,452,496
-4,3,-120,112,31,60,60,453,496
19,17,-120,98,39,60,60,451,497
22,23,-121,86,38,60,60,436,484
30,31,-122,72,54,60,60,452,496
31,32,-124,74,68,60,60,451,496
31,32,-125,118,82,58,57,451,497
25,27,-127,74,96,60,60,451,496
25,26,-128,523,54,60,60,453,497
20,21,-129,123,66,60,60,466,505
23,24,-130,106,128,60,60,451,496
24,23,-131,105,86,60,60,453,498
20,21,-132,146,149,60,60,454,497
23,23,-133,99,85,60,60,452,496
20,21,-134,108,85,60,60,452,496
24,24,-134,78,89,60,60,459,499
24,25,-135,112,100,60,60,453,496
23,24,-135,72,94,60,60,451,496
24,24,-136,62,103,60,60,453,496
23,24,-136,82,80,60,60,453,496
24,23,-136,65,70,60,60,452,496
24,24,-137,178,66,60,60,451,496
24,24,-137,182,76,60,60,451,498
25,25,-136,170,85,60,60,453,496
25,23,-134,157,55,60,60,452,497
26,24,-132,144,93,60,60,452,496
25,23,-128,131,57,60,60,453,496
27,25,-126,91,92,60,60,451,496
25,25,-123,108,105,60,60,452,496
2,21,-145,58,102,60,60,455,504
19,25,-154,90,73,60,60,453,496
26,29,-159,78,99,53,60,454,511
9,22,179,87,56,60,60,452,496
15,22,166,105,41,60,37,454,495
12,12,166,161,49,60,60,452,498
22,16,175,92,61,60,60,453,496
1,19,161,146,60,60,60,452,496
5,22,133,523,63,60,40,453,496
19,18,130,92,72,60,60,454,496
24,22,132,523,78,60,60,452,496
26,9,148,209,94,60,60,453,496
27,16,166,93,49,60,60,452,497
27,23,174,74,109,60,60,455,503
19,25,166,71,73,60,60,454,495
28,29,165,60,131,60,53,452,512
17,29,154,70,150,60,60,451,496
22,29,141,87,70,60,60,452,496
36,34,143,522,98,60,60,453,496
31,28,149,112,33,60,60,453,496
33,28,156,100,58,60,44,454,496
1,21,143,82,56,60,60,452,496
14,22,124,73,61,60,60,452,496
27,29,121,56,68,60,60,452,496
32,32,120,55,93,60,60,452,497
35,33,122,35,71,60,60,453,496
29,26,127,57,83,60,60,452,498
24,22,131,32,93,60,60,454,497
1,1,130,32,93,60,60,452,496
4,-10,145,67,141,60,60,453,496
8,-17,-177,523,26,60,60,455,504
12,6,-169,100,34,60,60,452,496
20,16,-164,89,35,60,60,452,498
21,19,-160,84,40,60,60,453,496
25,24,-159,72,49,60,60,451,496
26,26,-159,82,52,60,60,452,497
23,22,-157,223,46,60,60,453,496
4,3,-156,222,46,60,60,452,496
1,1,-157,221,47,60,60,453,496
1,0,-157,222,46,60,60,452,498
9,10,-155,95,67,60,60,451,497
18,16,-154,209,71,60,60,453,496
16,16,-152,97,81,60,60,451,496
15,15,-152,103,61,60,60,454,495
17,15,-151,98,70,60,60,453,496
16,15,-149,133,74,60,60,452,496
14,13,-147,104,81,60,60,452,496
14,13,-146,119,88,60,60,454,496
13,13,-145,111,102,60,60,453,496
12,11,-144,106,103,60,60,452,496
11,10,-144,104,108,60,60,451,497
12,11,-144,98,112,60,60,452,496
11,11,-144,91,112,60,60,452,496
10,10,-143,86,122,60,60,452,496
5,4,-142,84,120,60,60,452,496
-3,1,-145,93,188,60,60,441,489
-3,10,-165,94,359,60,60,452,496
16,17,-170,125,29,60,60,452,498
22,23,-172,114,41,60,60,453,496
23,25,-175,108,46,60,60,453,496
21,25,178,102,58,60,60,452,496
-5,22,158,167,70,60,60,454,495
-11,23,114,522,100,60,60,451,496
15,20,93,523,101,60,60,459,510
24,25,91,134,114,60,60,452,496
33,32,92,523,128,60,60,452,498
30,30,92,180,143,60,60,453,496
33,33,92,439,148,60,60,452,497
28,29,92,188,55,60,60,453,496
31,31,92,130,253,60,60,453,496
14,16,90,119,89,60,60,453,496
1,1,90,119,91,60,60,453,496
0,2,89,120,116,60,60,453,495
-6,9,69,97,111,60,60,453,496
-14,15,27,71,112,60,60,452,496
-15,14,-13,153,94,60,60,452,496
-16,11,-55,102,129,60,60,451,497
-14,6,-85,216,98,60,60,454,479
-14,6,-113,125,77,60,22,443,494
-13,6,-142,127,85,60,60,453,496
-13,6,-169,151,88,60,60,452,496
-12,6,164,141,181,60,60,454,513
-7,7,143,140,131,60,60,452,496
-1,2,139,140,116,60,60,452,496
0,0,139,140,116,60,60,452,496
-1,2,135,140,90,60,60,453,496
-13,15,98,93,272,60,60,452,496
-15,17,47,90,118,60,60,454,495
-5,7,28,101,119,60,60,452,496
0,1,27,106,120,60,60,452,496
-9,4,10,101,112,60,60,452,496
-2,1,5,105,100,60,60,452,496
0,0,5,111,102,60,60,454,497
