32.0808142 118.8124573
32.0808140 118.8124583
32.0808131 118.8124590
32.0808129 118.8124596
32.0808130 118.8124602
32.0808126 118.8124606
32.0808117 118.8124606
32.0808098 118.8124609
32.0808084 118.8124611
32.0808071 118.8124614
32.0808055 118.8124618
32.0808041 118.8124612
32.0808035 118.8124605
32.0808016 118.8124600
32.0807999 118.8124601
32.0807988 118.8124604
32.0807967 118.8124606
32.0807953 118.8124607
32.0807938 118.8124609
32.0807916 118.8124615
32.0807886 118.8124621
32.0807855 118.8124624
32.0807831 118.8124627
32.0807825 118.8124626
32.0807820 118.8124627
32.0807811 118.8124630
32.0807808 118.8124630
32.0807809 118.8124627
32.0807804 118.8124626
32.0807800 118.8124628
32.0807798 118.8124627
32.0807793 118.8124627
32.0807790 118.8124629
32.0807791 118.8124632
32.0807791 118.8124633
32.0807791 118.8124634
32.0807784 118.8124635
32.0807788 118.8124638
32.0807787 118.8124643
32.0807790 118.8124644
32.0807781 118.8124645
32.0807775 118.8124649
32.0807768 118.8124659
32.0807770 118.8124666
32.0807775 118.8124671
32.0807790 118.8124676
32.0807798 118.8124684
32.0807793 118.8124695
32.0807798 118.8124701
32.0807803 118.8124705
32.0807815 118.8124711
32.0807822 118.8124712
32.0807837 118.8124713
32.0807861 118.8124711
32.0807890 118.8124711
32.0807910 118.8124709
32.0807931 118.8124708
32.0807944 118.8124708
32.0807951 118.8124707
32.0807970 118.8124695
32.0807996 118.8124688
32.0808014 118.8124684
32.0808030 118.8124682
32.0808042 118.8124681
32.0808036 118.8124685
32.0808036 118.8124685
32.0808026 118.8124686
32.0808031 118.8124684
32.0808040 118.8124684
32.0808046 118.8124681
32.0808052 118.8124679
32.0808065 118.8124674
32.0808065 118.8124672
32.0808076 118.8124667
32.0808086 118.8124663
32.0808093 118.8124657
32.0808107 118.8124651
32.0808126 118.8124645
32.0808136 118.8124641
32.0808151 118.8124634
32.0808165 118.8124626
32.0808172 118.8124622
32.0808177 118.8124619
32.0808185 118.8124615
32.0808201 118.8124609
32.0808214 118.8124605
32.0808217 118.8124600
32.0808227 118.8124596
32.0808226 118.8124594
32.0808220 118.8124590
32.0808217 118.8124584
32.0808211 118.8124583
32.0808220 118.8124580
32.0808226 118.8124580
32.0808232 118.8124579
32.0808235 118.8124577
32.0808268 118.8124569
32.0808297 118.8124562
32.0808323 118.8124556
32.0808345 118.8124550
32.0808362 118.8124546
32.0808379 118.8124545
32.0808391 118.8124546
32.0808407 118.8124543
32.0808422 118.8124539
32.0808445 118.8124531
32.0808454 118.8124528
32.0808484 118.8124526
32.0808523 118.8124519
32.0808566 118.8124511
32.0808602 118.8124508
32.0808645 118.8124502
32.0808686 118.8124495
32.0808718 118.8124491
32.0808755 118.8124486
32.0808781 118.8124484
32.0808804 118.8124482
32.0808836 118.8124484
32.0808853 118.8124492
32.0808867 118.8124499
32.0808882 118.8124501
32.0808906 118.8124501
32.0808935 118.8124494
32.0808968 118.8124489
32.0809003 118.8124480
32.0809030 118.8124475
32.0809052 118.8124470
32.0809072 118.8124467
32.0809089 118.8124464
32.0809104 118.8124463
32.0809127 118.8124457
32.0809152 118.8124445
32.0809173 118.8124438
32.0809178 118.8124439
32.0809191 118.8124438
32.0809209 118.8124438
32.0809229 118.8124435
32.0809244 118.8124433
32.0809256 118.8124434
32.0809265 118.8124434
32.0809268 118.8124437
32.0809272 118.8124442
32.0809287 118.8124440
32.0809311 118.8124434
32.0809338 118.8124429
32.0809363 118.8124426
32.0809382 118.8124424
32.0809394 118.8124424
32.0809408 118.8124420
32.0809427 118.8124414
32.0809443 118.8124409
32.0809451 118.8124412
32.0809479 118.8124407
32.0809505 118.8124399
32.0809531 118.8124394
32.0809561 118.8124389
32.0809591 118.8124382
32.0809617 118.8124376
32.0809645 118.8124371
32.0809660 118.8124370
32.0809675 118.8124371
32.0809696 118.8124369
32.0809708 118.8124368
32.0809718 118.8124363
32.0809741 118.8124353
32.0809760 118.8124349
32.0809772 118.8124344
32.0809776 118.8124342
32.0809789 118.8124338
32.0809797 118.8124338
32.0809804 118.8124336
32.0809813 118.8124337
32.0809817 118.8124337
32.0809820 118.8124339
32.0809823 118.8124341
32.0809834 118.8124341
32.0809850 118.8124338
32.0809838 118.8124344
32.0809841 118.8124346
32.0809845 118.8124348
32.0809846 118.8124353
32.0809851 118.8124353
32.0809859 118.8124353
32.0809862 118.8124358
32.0809874 118.8124357
32.0809881 118.8124359
32.0809881 118.8124365
32.0809891 118.8124367
32.0809892 118.8124372
32.0809895 118.8124377
32.0809898 118.8124382
32.0809908 118.8124386
32.0809903 118.8124389
32.0809909 118.8124389
32.0809902 118.8124394
32.0809908 118.8124395
32.0809918 118.8124389
32.0809922 118.8124386
32.0809928 118.8124382
32.0809932 118.8124378
32.0809934 118.8124376
32.0809946 118.8124370
32.0809957 118.8124364
32.0809964 118.8124362
32.0809978 118.8124354
32.0809982 118.8124350
32.0810000 118.8124338
32.0810010 118.8124330
32.0810014 118.8124324
32.0810020 118.8124321
32.0810026 118.8124318
32.0810033 118.8124315
32.0810038 118.8124313
32.0810031 118.8124317
32.0810038 118.8124314
32.0810043 118.8124311
32.0810046 118.8124311
32.0810074 118.8124301
32.0810092 118.8124295
32.0810116 118.8124285
32.0810133 118.8124278
32.0810153 118.8124270
32.0810182 118.8124261
32.0810215 118.8124248
32.0810236 118.8124238
32.0810265 118.8124226
32.0810290 118.8124218
32.0810297 118.8124217
32.0810303 118.8124213
32.0810313 118.8124210
32.0810317 118.8124209
32.0810317 118.8124210
32.0810319 118.8124212
32.0810316 118.8124215
32.0810316 118.8124217
32.0810320 118.8124218
32.0810319 118.8124221
32.0810324 118.8124223
32.0810343 118.8124217
32.0810342 118.8124219
32.0810350 118.8124217
32.0810347 118.8124219
32.0810346 118.8124224
32.0810344 118.8124225
32.0810343 118.8124227
32.0810352 118.8124227
32.0810351 118.8124228
32.0810359 118.8124227
32.0810361 118.8124226
32.0810368 118.8124226
32.0810376 118.8124224
32.0810383 118.8124223
32.0810388 118.8124223
32.0810400 118.8124218
32.0810402 118.8124218
32.0810406 118.8124213
32.0810415 118.8124209
32.0810417 118.8124208
32.0810419 118.8124210
32.0810423 118.8124212
32.0810426 118.8124216
32.0810425 118.8124217
32.0810431 118.8124216
32.0810426 118.8124215
32.0810418 118.8124217
32.0810407 118.8124219
32.0810413 118.8124216
32.0810405 118.8124219
32.0810406 118.8124217
32.0810429 118.8124209
32.0810440 118.8124206
32.0810448 118.8124203
32.0810445 118.8124201
32.0810442 118.8124201
32.0810427 118.8124205
32.0810418 118.8124209
32.0810419 118.8124210
32.0810419 118.8124211
32.0810402 118.8124221
32.0810386 118.8124234
32.0810383 118.8124242
32.0810397 118.8124241
32.0810396 118.8124246
32.0810396 118.8124248
32.0810396 118.8124252
32.0810391 118.8124259
32.0810393 118.8124261
32.0810390 118.8124265
32.0810387 118.8124266
32.0810385 118.8124270
32.0810377 118.8124275
32.0810377 118.8124275
32.0810369 118.8124277
32.0810367 118.8124279
32.0810368 118.8124278
32.0810369 118.8124277
32.0810366 118.8124279
32.0810363 118.8124280
32.0810366 118.8124277
32.0810377 118.8124273
32.0810382 118.8124268
32.0810391 118.8124264
32.0810390 118.8124264
32.0810389 118.8124263
32.0810387 118.8124263
32.0810386 118.8124263
32.0810383 118.8124264
32.0810388 118.8124263
32.0810403 118.8124254
32.0810413 118.8124246
32.0810407 118.8124246
32.0810399 118.8124249
32.0810393 118.8124253
32.0810374 118.8124265
32.0810370 118.8124266
32.0810362 118.8124270
32.0810355 118.8124271
32.0810347 118.8124275
32.0810338 118.8124282
32.0810330 118.8124289
32.0810331 118.8124293
32.0810338 118.8124292
32.0810350 118.8124288
32.0810358 118.8124282
32.0810347 118.8124289
32.0810343 118.8124290
32.0810340 118.8124292
32.0810344 118.8124289
32.0810345 118.8124289
32.0810352 118.8124284
32.0810375 118.8124275
32.0810402 118.8124263
32.0810416 118.8124257
32.0810430 118.8124249
32.0810446 118.8124244
32.0810453 118.8124242
32.0810464 118.8124233
32.0810467 118.8124230
32.0810468 118.8124229
32.0810461 118.8124232
32.0810461 118.8124233
32.0810456 118.8124235
32.0810455 118.8124235
32.0810467 118.8124231
32.0810471 118.8124230
32.0810489 118.8124223
32.0810509 118.8124215
32.0810515 118.8124211
32.0810520 118.8124208
32.0810522 118.8124205
32.0810527 118.8124202
32.0810542 118.8124193
32.0810555 118.8124187
32.0810581 118.8124177
32.0810591 118.8124172
32.0810599 118.8124167
32.0810610 118.8124161
32.0810618 118.8124153
32.0810621 118.8124148
32.0810631 118.8124142
32.0810636 118.8124139
32.0810645 118.8124136
32.0810660 118.8124130
32.0810670 118.8124126
32.0810676 118.8124125
32.0810682 118.8124125
32.0810699 118.8124119
32.0810716 118.8124113
32.0810725 118.8124111
32.0810729 118.8124110
32.0810741 118.8124103
32.0810751 118.8124100
32.0810757 118.8124100
32.0810760 118.8124100
32.0810767 118.8124097
32.0810761 118.8124100
32.0810761 118.8124101
32.0810760 118.8124101
32.0810757 118.8124098
32.0810762 118.8124092
32.0810767 118.8124089
32.0810773 118.8124083
32.0810771 118.8124081
32.0810757 118.8124088
32.0810730 118.8124100
32.0810701 118.8124114
32.0810682 118.8124123
32.0810676 118.8124127
32.0810664 118.8124133
32.0810639 118.8124144
32.0810621 118.8124153
32.0810609 118.8124159
32.0810600 118.8124162
32.0810593 118.8124165
32.0810587 118.8124168
32.0810590 118.8124166
32.0810590 118.8124169
32.0810592 118.8124169
32.0810593 118.8124171
32.0810588 118.8124176
32.0810591 118.8124174
32.0810582 118.8124180
32.0810584 118.8124180
32.0810581 118.8124181
32.0810582 118.8124180
32.0810574 118.8124184
32.0810568 118.8124185
32.0810547 118.8124196
32.0810533 118.8124201
32.0810524 118.8124203
32.0810529 118.8124202
32.0810530 118.8124204
32.0810536 118.8124206
32.0810539 118.8124207
32.0810539 118.8124208
32.0810541 118.8124206
32.0810541 118.8124206
32.0810539 118.8124207
32.0810533 118.8124213
32.0810533 118.8124216
32.0810525 118.8124223
32.0810532 118.8124220
32.0810530 118.8124219
32.0810526 118.8124220
32.0810529 118.8124218
32.0810530 118.8124216
32.0810531 118.8124216
32.0810537 118.8124213
32.0810547 118.8124206
32.0810557 118.8124199
32.0810547 118.8124202
32.0810550 118.8124200
32.0810564 118.8124191
32.0810577 118.8124185
32.0810568 118.8124194
32.0808947 118.8125120
32.0808945 118.8125122
32.0808936 118.8125130
32.0808928 118.8125139
32.0808929 118.8125139
32.0808930 118.8125138
32.0808929 118.8125137
32.0808922 118.8125138
32.0808921 118.8125137
32.0808928 118.8125135
32.0808937 118.8125134
32.0808950 118.8125130
32.0808955 118.8125127
32.0808955 118.8125127
32.0808949 118.8125130
32.0808948 118.8125131
32.0808948 118.8125132
32.0808952 118.8125133
32.0808952 118.8125133
32.0808951 118.8125134
32.0808953 118.8125134
32.0808945 118.8125136
32.0808934 118.8125140
32.0808931 118.8125140
32.0808926 118.8125143
32.0808920 118.8125149
32.0808916 118.8125150
32.0808907 118.8125153
32.0808898 118.8125156
32.0808337 118.8125443
32.0808327 118.8125448
32.0808325 118.8125455
32.0808332 118.8125455
32.0808336 118.8125456
32.0808344 118.8125455
32.0808355 118.8125448
32.0808368 118.8125440
32.0808381 118.8125435
32.0808389 118.8125432
32.0808398 118.8125427
32.0808407 118.8125423
32.0808417 118.8125418
32.0808427 118.8125415
32.0808433 118.8125414
32.0808438 118.8125412
32.0808443 118.8125410
32.0808454 118.8125405
32.0808465 118.8125400
32.0808218 118.8125337
32.0808213 118.8125340
32.0808211 118.8125345
32.0808204 118.8125346
32.0808199 118.8125350
32.0808196 118.8125350
32.0808198 118.8125348
32.0808195 118.8125347
32.0808194 118.8125345
32.0808197 118.8125344
32.0808195 118.8125344
32.0808193 118.8125346
32.0808190 118.8125351
32.0808185 118.8125357
32.0808179 118.8125364
32.0808179 118.8125371
32.0808184 118.8125376
32.0808187 118.8125378
32.0808190 118.8125380
32.0808199 118.8125382
32.0808204 118.8125382
32.0808208 118.8125381
32.0808203 118.8125381
32.0808200 118.8125382
32.0808196 118.8125381
32.0808194 118.8125382
32.0808194 118.8125383
32.0808197 118.8125382
32.0808196 118.8125380
32.0808199 118.8125377
32.0808205 118.8125375
32.0808218 118.8125373
32.0808225 118.8125371
32.0808232 118.8125370
32.0808227 118.8125370
32.0808215 118.8125368
32.0808210 118.8125366
32.0808212 118.8125365
32.0808214 118.8125364
32.0808214 118.8125361
32.0808216 118.8125360
32.0808214 118.8125358
32.0808209 118.8125356
32.0808209 118.8125354
32.0808208 118.8125352
32.0808205 118.8125351
32.0808204 118.8125349
32.0808204 118.8125347
32.0808202 118.8125344
32.0808196 118.8125341
32.0808201 118.8125337
32.0808198 118.8125331
32.0808196 118.8125326
32.0808196 118.8125320
32.0808195 118.8125315
32.0808190 118.8125313
32.0808190 118.8125311
32.0808191 118.8125307
32.0808192 118.8125303
32.0808194 118.8125299
32.0808197 118.8125296
32.0808199 118.8125293
32.0808202 118.8125289
32.0808206 118.8125284
32.0808210 118.8125279
32.0808211 118.8125276
32.0808206 118.8125275
32.0808205 118.8125274
32.0808209 118.8125271
32.0808206 118.8125271
32.0808202 118.8125271
32.0808197 118.8125271
32.0808201 118.8125269
32.0808208 118.8125269
32.0808216 118.8125267
32.0808212 118.8125266
32.0808219 118.8125265
32.0808223 118.8125265
32.0808227 118.8125266
32.0808232 118.8125266
32.0808232 118.8125266
32.0808235 118.8125267
32.0808238 118.8125269
32.0808246 118.8125269
32.0808252 118.8125271
32.0808253 118.8125272
32.0808252 118.8125274
32.0808254 118.8125277
32.0808261 118.8125281
32.0808268 118.8125286
32.0808267 118.8125291
32.0808265 118.8125294
32.0808263 118.8125297
32.0808264 118.8125300
32.0808266 118.8125302
32.0808268 118.8125301
32.0808268 118.8125301
32.0808261 118.8125300
32.0808255 118.8125298
32.0808254 118.8125296
32.0808248 118.8125294
32.0808244 118.8125290
32.0808243 118.8125289
32.0808242 118.8125287
32.0808235 118.8125288
32.0808237 118.8125287
32.0808245 118.8125287
32.0808253 118.8125284
32.0808254 118.8125282
32.0808250 118.8125281
32.0808250 118.8125278
32.0808255 118.8125277
32.0808256 118.8125276
32.0808255 118.8125277
32.0808253 118.8125279
32.0808247 118.8125279
32.0808241 118.8125281
32.0808236 118.8125282
32.0808226 118.8125283
32.0808219 118.8125284
32.0808220 118.8125285
32.0808215 118.8125286
32.0808207 118.8125288
32.0808202 118.8125286
32.0808203 118.8125287
32.0808203 118.8125287
32.0808205 118.8125286
32.0808199 118.8125285
32.0808195 118.8125285
32.0808189 118.8125286
32.0808180 118.8125287
32.0808169 118.8125287
32.0808164 118.8125286
32.0808148 118.8125283
32.0808139 118.8125281
32.0808132 118.8125280
32.0808127 118.8125278
32.0808121 118.8125279
32.0808115 118.8125280
32.0808112 118.8125280
32.0808109 118.8125281
32.0808107 118.8125281
32.0808106 118.8125282
32.0808099 118.8125283
32.0808093 118.8125285
32.0808086 118.8125288
32.0808086 118.8125289
32.0808085 118.8125289
32.0808087 118.8125287
32.0808088 118.8125286
32.0808088 118.8125285
32.0808082 118.8125285
32.0808074 118.8125285
32.0808064 118.8125287
32.0808051 118.8125290
32.0808042 118.8125292
32.0808036 118.8125294
32.0808028 118.8125296
32.0808026 118.8125297
32.0808028 118.8125297
32.0808033 118.8125296
32.0808042 118.8125296
32.0808051 118.8125296
32.0808047 118.8125300
32.0808045 118.8125301
32.0808047 118.8125302
32.0808052 118.8125302
32.0808058 118.8125303
32.0808058 118.8125304
32.0808049 118.8125306
32.0808041 118.8125308
32.0808037 118.8125307
32.0808029 118.8125309
32.0808017 118.8125312
32.0808007 118.8125314
32.0808000 118.8125315
32.0807996 118.8125313
32.0807993 118.8125313
32.0807987 118.8125312
32.0807987 118.8125310
32.0807985 118.8125308
32.0807982 118.8125308
32.0807978 118.8125308
32.0807985 118.8125305
32.0807985 118.8125304
32.0807987 118.8125302
32.0807989 118.8125301
32.0807991 118.8125299
32.0807988 118.8125299
32.0807990 118.8125299
32.0807991 118.8125299
32.0807989 118.8125299
32.0807983 118.8125300
32.0807975 118.8125301
32.0807970 118.8125303
32.0807966 118.8125304
32.0807967 118.8125305
32.0807967 118.8125306
32.0807965 118.8125309
32.0807969 118.8125309
32.0807969 118.8125309
32.0807968 118.8125310
32.0807963 118.8125310
32.0807966 118.8125310
32.0807965 118.8125311
32.0807960 118.8125315
32.0807953 118.8125322
32.0807950 118.8125327
32.0807955 118.8125328
32.0807963 118.8125328
32.0807967 118.8125329
32.0807974 118.8125329
32.0807982 118.8125329
32.0807984 118.8125330
32.0807994 118.8125329
32.0808005 118.8125327
32.0808010 118.8125325
32.0808012 118.8125325
32.0808015 118.8125325
32.0808013 118.8125327
32.0808006 118.8125330
32.0808002 118.8125333
32.0807994 118.8125334
32.0807988 118.8125337
32.0807993 118.8125336
32.0807988 118.8125339
32.0807979 118.8125344
32.0807975 118.8125350
32.0807971 118.8125354
32.0807958 118.8125361
32.0807949 118.8125367
32.0807941 118.8125370
32.0807936 118.8125372
32.0807935 118.8125372
32.0807941 118.8125369
32.0807942 118.8125369
32.0807942 118.8125369
32.0807943 118.8125369
32.0807938 118.8125374
32.0807935 118.8125376
32.0807932 118.8125377
32.0807921 118.8125380
32.0807912 118.8125382
32.0807900 118.8125384
32.0807881 118.8125389
32.0807873 118.8125390
32.0807869 118.8125390
32.0807867 118.8125388
32.0807863 118.8125388
32.0807859 118.8125386
32.0807871 118.8125377
32.0807879 118.8125371
32.0807875 118.8125369
32.0807875 118.8125366
32.0807875 118.8125366
32.0807874 118.8125367
32.0807875 118.8125366
32.0807876 118.8125365
32.0807868 118.8125367
32.0807866 118.8125366
32.0807872 118.8125362
32.0807874 118.8125359
32.0807876 118.8125355
32.0807883 118.8125350
32.0807881 118.8125348
32.0807888 118.8125347
32.0807892 118.8125346
32.0807893 118.8125347
32.0807892 118.8125345
32.0807887 118.8125345
32.0807883 118.8125341
32.0807881 118.8125340
32.0807886 118.8125335
32.0807891 118.8125333
32.0807887 118.8125334
32.0807887 118.8125334
32.0807879 118.8125337
32.0807874 118.8125339
32.0807866 118.8125338
32.0807857 118.8125339
32.0807853 118.8125338
32.0807850 118.8125337
32.0807854 118.8125337
32.0807854 118.8125336
32.0807855 118.8125336
32.0807853 118.8125335
32.0807851 118.8125335
32.0807850 118.8125335
32.0807847 118.8125334
32.0807842 118.8125333
32.0807835 118.8125331
32.0807825 118.8125329
32.0807821 118.8125325
32.0807817 118.8125322
32.0807813 118.8125321
32.0807806 118.8125323
32.0807803 118.8125326
32.0807808 118.8125326
32.0807815 118.8125327
32.0807812 118.8125329
32.0807811 118.8125327
32.0807811 118.8125327
32.0807815 118.8125327
32.0807814 118.8125328
32.0807815 118.8125327
32.0807820 118.8125324
32.0807824 118.8125324
32.0807821 118.8125324
32.0807820 118.8125325
32.0807820 118.8125324
32.0807816 118.8125323
32.0807808 118.8125323
32.0807807 118.8125321
32.0807799 118.8125325
32.0807791 118.8125327
32.0807784 118.8125329
32.0807770 118.8125332
32.0807758 118.8125333
32.0807747 118.8125337
32.0807739 118.8125337
32.0807738 118.8125336
32.0807736 118.8125334
32.0807731 118.8125335
32.0807726 118.8125335
32.0807727 118.8125335
32.0807733 118.8125333
32.0807737 118.8125330
32.0807743 118.8125328
32.0807741 118.8125329
32.0807745 118.8125330
32.0807750 118.8125331
32.0807752 118.8125333
32.0807757 118.8125332
32.0807757 118.8125332
32.0807758 118.8125334
32.0807755 118.8125337
32.0807751 118.8125339
32.0807751 118.8125341
32.0807750 118.8125343
32.0807748 118.8125342
32.0807750 118.8125340
32.0807751 118.8125339
32.0807752 118.8125338
32.0807757 118.8125335
32.0807761 118.8125332
32.0807761 118.8125330
32.0807764 118.8125329
32.0807760 118.8125331
32.0807743 118.8125337
32.0807732 118.8125339
32.0807730 118.8125340
32.0807733 118.8125340
32.0807734 118.8125341
32.0807732 118.8125343
32.0807728 118.8125344
32.0807727 118.8125344
32.0807724 118.8125344
32.0807719 118.8125345
32.0807708 118.8125346
32.0807697 118.8125348
32.0807682 118.8125351
32.0807667 118.8125354
32.0807662 118.8125352
32.0807665 118.8125350
32.0807670 118.8125347
32.0807672 118.8125342
32.0807676 118.8125338
32.0807677 118.8125332
32.0807677 118.8125327
32.0807675 118.8125327
32.0807678 118.8125325
32.0807685 118.8125325
32.0807687 118.8125324
32.0807688 118.8125324
32.0807696 118.8125322
32.0807709 118.8125318
32.0807723 118.8125312
32.0807732 118.8125309
32.0807743 118.8125305
32.0807751 118.8125302
32.0807758 118.8125299
32.0807765 118.8125296
32.0807772 118.8125293
32.0807775 118.8125290
32.0807780 118.8125287
32.0807784 118.8125283
32.0807791 118.8125279
32.0807802 118.8125274
32.0807812 118.8125270
32.0807825 118.8125269
32.0807839 118.8125270
32.0807847 118.8125269
32.0807851 118.8125268
32.0807853 118.8125268
32.0807854 118.8125268
32.0807857 118.8125269
32.0807859 118.8125268
32.0807857 118.8125265
32.0807853 118.8125266
32.0807855 118.8125265
32.0807856 118.8125263
32.0807858 118.8125263
32.0807854 118.8125264
32.0807847 118.8125265
32.0807841 118.8125267
32.0807833 118.8125268
32.0807820 118.8125268
32.0807814 118.8125268
32.0807809 118.8125270
32.0807807 118.8125272
32.0807803 118.8125275
32.0807797 118.8125277
32.0807791 118.8125278
32.0807783 118.8125280
32.0807777 118.8125280
32.0807771 118.8125280
32.0807769 118.8125278
32.0807762 118.8125278
32.0807764 118.8125280
32.0807766 118.8125279
32.0807762 118.8125280
32.0807759 118.8125282
32.0807755 118.8125283
32.0807751 118.8125285
32.0807740 118.8125287
32.0807737 118.8125288
32.0807732 118.8125290
32.0807722 118.8125290
32.0807709 118.8125291
32.0807707 118.8125292
32.0807701 118.8125293
32.0807695 118.8125295
32.0807688 118.8125297
32.0807679 118.8125301
32.0807667 118.8125301
32.0807661 118.8125298
32.0807656 118.8125297
32.0807642 118.8125299
32.0807632 118.8125303
32.0807625 118.8125306
32.0807620 118.8125307
32.0807619 118.8125308
32.0807610 118.8125311
32.0807600 118.8125313
32.0807587 118.8125317
32.0807573 118.8125320
32.0807559 118.8125323
32.0807548 118.8125327
32.0807532 118.8125333
32.0807519 118.8125339
32.0807512 118.8125344
32.0807505 118.8125347
32.0807499 118.8125349
32.0807496 118.8125351
32.0807497 118.8125351
32.0807497 118.8125350
32.0807500 118.8125350
32.0807499 118.8125350
32.0807494 118.8125349
32.0807491 118.8125350
32.0807489 118.8125352
32.0807491 118.8125351
32.0807497 118.8125351
32.0807502 118.8125350
32.0807504 118.8125350
32.0807509 118.8125350
32.0807516 118.8125347
32.0807516 118.8125345
32.0807516 118.8125343
32.0807516 118.8125342
32.0807509 118.8125340
32.0807508 118.8125337
32.0807508 118.8125333
32.0807508 118.8125331
32.0807511 118.8125328
32.0807517 118.8125323
32.0807521 118.8125320
32.0807526 118.8125317
32.0807539 118.8125314
32.0807555 118.8125312
32.0807567 118.8125310
32.0807575 118.8125308
32.0807577 118.8125307
32.0807583 118.8125306
32.0807588 118.8125306
32.0807590 118.8125306
32.0807593 118.8125306
32.0807597 118.8125307
32.0807599 118.8125309
32.0807601 118.8125308
32.0807603 118.8125306
32.0807605 118.8125304
32.0807610 118.8125302
32.0807615 118.8125299
32.0807620 118.8125299
32.0807617 118.8125299
32.0807612 118.8125297
32.0807606 118.8125295
32.0807606 118.8125297
32.0807607 118.8125299
32.0807614 118.8125303
32.0807621 118.8125304
32.0807620 118.8125306
32.0807613 118.8125307
32.0807613 118.8125309
32.0807609 118.8125309
32.0807603 118.8125310
32.0807595 118.8125312
32.0807584 118.8125314
32.0807578 118.8125316
32.0807574 118.8125318
32.0807576 118.8125317
32.0807575 118.8125318
32.0807574 118.8125321
32.0807575 118.8125324
32.0807578 118.8125327
32.0807578 118.8125328
32.0807578 118.8125328
32.0807575 118.8125326
32.0807569 118.8125326
32.0807564 118.8125326
32.0807562 118.8125325
32.0807557 118.8125326
32.0807547 118.8125326
32.0807543 118.8125325
32.0807540 118.8125329
32.0807541 118.8125332
32.0807542 118.8125333
32.0807542 118.8125334
32.0807545 118.8125335
32.0807550 118.8125336
32.0807553 118.8125339
32.0807556 118.8125341
32.0807558 118.8125340
32.0807556 118.8125337
32.0807550 118.8125334
32.0807543 118.8125331
32.0807543 118.8125328
32.0807546 118.8125325
32.0807547 118.8125325
32.0807553 118.8125323
32.0807560 118.8125321
32.0807572 118.8125319
32.0807587 118.8125316
32.0807600 118.8125315
32.0807607 118.8125312
32.0807610 118.8125312
32.0807611 118.8125311
32.0807617 118.8125310
32.0807623 118.8125311
32.0807628 118.8125311
32.0807633 118.8125310
32.0807637 118.8125310
32.0807647 118.8125309
32.0807658 118.8125307
32.0807666 118.8125305
32.0807671 118.8125304
32.0807677 118.8125303
32.0807675 118.8125303
32.0807668 118.8125305
32.0807662 118.8125305
32.0807656 118.8125306
32.0807653 118.8125306
32.0807648 118.8125306
32.0807642 118.8125305
32.0807635 118.8125307
32.0807630 118.8125309
32.0807630 118.8125309
32.0807627 118.8125309
32.0807623 118.8125312
32.0807623 118.8125314
32.0807623 118.8125317
32.0807633 118.8125317
32.0807642 118.8125318
32.0807654 118.8125318
32.0807664 118.8125318
32.0807672 118.8125315
32.0807677 118.8125311
32.0807681 118.8125308
32.0807685 118.8125306
32.0807684 118.8125303
32.0807682 118.8125300
32.0807678 118.8125298
32.0807669 118.8125300
32.0807659 118.8125301
32.0807650 118.8125303
32.0807639 118.8125308
32.0807630 118.8125310
32.0807625 118.8125311
32.0807624 118.8125311
32.0807622 118.8125311
32.0807620 118.8125313
32.0807619 118.8125312
32.0807616 118.8125312
32.0807606 118.8125314
32.0807602 118.8125315
32.0807603 118.8125316
32.0807601 118.8125319
32.0807595 118.8125322
32.0807593 118.8125323
32.0807590 118.8125323
32.0807586 118.8125323
32.0807578 118.8125325
32.0807564 118.8125327
32.0807551 118.8125327
32.0807532 118.8125330
32.0807525 118.8125334
32.0807521 118.8125336
32.0807512 118.8125338
32.0807505 118.8125341
32.0807504 118.8125341
32.0807505 118.8125340
32.0807503 118.8125338
32.0807494 118.8125338
32.0807492 118.8125337
32.0807493 118.8125337
32.0807493 118.8125337
32.0807496 118.8125338
32.0807501 118.8125341
32.0807506 118.8125343
32.0807517 118.8125343
32.0807523 118.8125344
32.0807523 118.8125345
32.0807523 118.8125345
32.0807520 118.8125345
32.0807520 118.8125344
32.0807522 118.8125345
32.0807525 118.8125346
32.0807530 118.8125346
32.0807530 118.8125345
32.0807529 118.8125346
32.0807530 118.8125347
32.0807522 118.8125349
32.0807522 118.8125349
32.0807526 118.8125349
32.0807524 118.8125351
32.0807524 118.8125353
32.0807526 118.8125353
32.0807530 118.8125354
32.0807534 118.8125355
32.0807537 118.8125356
32.0807542 118.8125356
32.0807543 118.8125357
32.0807548 118.8125356
32.0807555 118.8125354
32.0807560 118.8125353
32.0807559 118.8125352
32.0807558 118.8125352
32.0807565 118.8125351
32.0807575 118.8125348
32.0807580 118.8125347
32.0807579 118.8125348
32.0807575 118.8125349
32.0807568 118.8125352
32.0807569 118.8125351
32.0807569 118.8125351
32.0807568 118.8125352
32.0807565 118.8125352
32.0807560 118.8125354
32.0807557 118.8125355
32.0807552 118.8125356
32.0807550 118.8125358
32.0807543 118.8125360
32.0807541 118.8125362
32.0807538 118.8125363
32.0807532 118.8125365
32.0807525 118.8125366
32.0807514 118.8125371
32.0807508 118.8125375
32.0807504 118.8125379
32.0807495 118.8125383
32.0807486 118.8125387
32.0807478 118.8125391
32.0807468 118.8125395
32.0807458 118.8125400
32.0807455 118.8125403
32.0807453 118.8125405
32.0807453 118.8125405
32.0807450 118.8125405
32.0807444 118.8125405
32.0807441 118.8125404
32.0807441 118.8125403
32.0807440 118.8125403
32.0807442 118.8125400
32.0807448 118.8125394
32.0807454 118.8125387
32.0807465 118.8125381
32.0807477 118.8125376
32.0807490 118.8125370
32.0807499 118.8125366
32.0807510 118.8125363
32.0807518 118.8125361
32.0807523 118.8125361
32.0807529 118.8125361
32.0807539 118.8125360
32.0807544 118.8125359
32.0807546 118.8125360
32.0807545 118.8125362
32.0807545 118.8125364
32.0807546 118.8125365
32.0807544 118.8125369
32.0807547 118.8125372
32.0807550 118.8125375
32.0807554 118.8125377
32.0807555 118.8125381
32.0807550 118.8125386
32.0807545 118.8125390
32.0807545 118.8125393
32.0807547 118.8125395
32.0807553 118.8125393
32.0807555 118.8125394
32.0807559 118.8125395
32.0807556 118.8125399
32.0807555 118.8125401
32.0807556 118.8125403
32.0807557 118.8125405
32.0807549 118.8125408
32.0807538 118.8125411
32.0807537 118.8125411
32.0807534 118.8125411
32.0807536 118.8125411
32.0807542 118.8125409
32.0807544 118.8125408
32.0807551 118.8125406
32.0807563 118.8125402
32.0807568 118.8125401
32.0807576 118.8125398
32.0807583 118.8125397
32.0807584 118.8125397
32.0807589 118.8125396
32.0807599 118.8125392
32.0807612 118.8125388
32.0807629 118.8125384
32.0807648 118.8125378
32.0807668 118.8125371
32.0807685 118.8125366
32.0807699 118.8125361
32.0807711 118.8125357
32.0807718 118.8125356
32.0807727 118.8125353
32.0807736 118.8125349
32.0807746 118.8125346
32.0807753 118.8125343
32.0807759 118.8125342
32.0807761 118.8125343
32.0807762 118.8125345
32.0807767 118.8125344
32.0807770 118.8125344
32.0807768 118.8125344
32.0807772 118.8125343
32.0807776 118.8125342
32.0807783 118.8125339
32.0807791 118.8125335
32.0807797 118.8125331
32.0807802 118.8125327
32.0807809 118.8125323
32.0807816 118.8125320
32.0807820 118.8125319
32.0807825 118.8125317
32.0807828 118.8125314
32.0807834 118.8125310
32.0807841 118.8125308
32.0807847 118.8125306
32.0807848 118.8125306
32.0807843 118.8125308
32.0807848 118.8125306
32.0807849 118.8125305
32.0807851 118.8125302
32.0807857 118.8125298
32.0807864 118.8125294
32.0807866 118.8125292
32.0807869 118.8125290
32.0807867 118.8125288
32.0807864 118.8125289
32.0807861 118.8125289
32.0807860 118.8125289
32.0807851 118.8125291
32.0807846 118.8125292
32.0807847 118.8125293
32.0807849 118.8125293
32.0807851 118.8125293
32.0807851 118.8125294
32.0807850 118.8125296
32.0807853 118.8125296
32.0807856 118.8125296
32.0807854 118.8125298
32.0807861 118.8125296
32.0807860 118.8125296
32.0807863 118.8125296
32.0807863 118.8125298
32.0807860 118.8125298
32.0807861 118.8125298
32.0807863 118.8125298
32.0807862 118.8125299
32.0807860 118.8125302
32.0807851 118.8125306
32.0807848 118.8125307
32.0807857 118.8125304
32.0807860 118.8125301
32.0807870 118.8125296
32.0807872 118.8125295
32.0807863 118.8125297
32.0807859 118.8125298
32.0807856 118.8125297
32.0807846 118.8125299
32.0807840 118.8125300
32.0807841 118.8125301
32.0807835 118.8125305
32.0807828 118.8125307
32.0807825 118.8125308
32.0807825 118.8125307
32.0807818 118.8125309
32.0807817 118.8125310
32.0807818 118.8125310
32.0807822 118.8125309
32.0807821 118.8125310
32.0807824 118.8125310
32.0807825 118.8125311
32.0807826 118.8125313
32.0807834 118.8125312
32.0807853 118.8125309
32.0807870 118.8125305
32.0807887 118.8125302
32.0807902 118.8125300
32.0807910 118.8125300
32.0807916 118.8125299
32.0807916 118.8125299
32.0807914 118.8125301
32.0807907 118.8125303
32.0807909 118.8125303
32.0807908 118.8125303
32.0807904 118.8125303
32.0807899 118.8125304
32.0807904 118.8125303
32.0807904 118.8125302
32.0807898 118.8125305
32.0807893 118.8125306
32.0807889 118.8125308
32.0807893 118.8125305
32.0807886 118.8125307
32.0807894 118.8125305
32.0807899 118.8125306
32.0807907 118.8125306
32.0807917 118.8125307
32.0807914 118.8125310
32.0807909 118.8125313
32.0807896 118.8125319
32.0807887 118.8125322
32.0807886 118.8125322
32.0807896 118.8125320
32.0807899 118.8125320
32.0807899 118.8125322
32.0807899 118.8125322
32.0807893 118.8125322
32.0807884 118.8125325
32.0807881 118.8125325
32.0807885 118.8125322
32.0807891 118.8125320
32.0807900 118.8125318
32.0807921 118.8125312
32.0807932 118.8125308
32.0807931 118.8125308
32.0807937 118.8125305
32.0807953 118.8125298
32.0807960 118.8125296
32.0807971 118.8125292
32.0807977 118.8125290
32.0807976 118.8125289
32.0807968 118.8125290
32.0807967 118.8125291
32.0807968 118.8125291
32.0807978 118.8125288
32.0807983 118.8125287
32.0807990 118.8125286
32.0807997 118.8125286
32.0807999 118.8125287
32.0807995 118.8125292
32.0807996 118.8125294
32.0807993 118.8125297
32.0807985 118.8125300
32.0807971 118.8125306
32.0807957 118.8125310
32.0807948 118.8125314
32.0807951 118.8125314
32.0807962 118.8125312
32.0807959 118.8125315
32.0807964 118.8125316
32.0807972 118.8125314
32.0807972 118.8125316
32.0807968 118.8125319
32.0807967 118.8125321
32.0807993 118.8125316
32.0808015 118.8125312
32.0808035 118.8125310
32.0808039 118.8125311
32.0808052 118.8125309
32.0808053 118.8125311
32.0808054 118.8125311
32.0808070 118.8125308
32.0808069 118.8125312
32.0808066 118.8125314
32.0808074 118.8125314
32.0808063 118.8125318
32.0808038 118.8125327
32.0808034 118.8125329
32.0808025 118.8125335
32.0808002 118.8125342
32.0807973 118.8125352
32.0807953 118.8125360
32.0807955 118.8125359
32.0807959 118.8125358
32.0807963 118.8125359
32.0807959 118.8125362
32.0807955 118.8125365
32.0807944 118.8125370
32.0807930 118.8125376
32.0807922 118.8125380
32.0807928 118.8125379
32.0807936 118.8125378
32.0807936 118.8125380
32.0807938 118.8125381
32.0807936 118.8125383
32.0807937 118.8125385
32.0807947 118.8125385
32.0807952 118.8125385
32.0807945 118.8125388
32.0807946 118.8125389
32.0807941 118.8125391
32.0807935 118.8125394
32.0807936 118.8125395
32.0807938 118.8125397
32.0807936 118.8125399
32.0807938 118.8125400
32.0807941 118.8125402
32.0807938 118.8125405
32.0807943 118.8125405
32.0807938 118.8125409
32.0807934 118.8125413
32.0807938 118.8125414
32.0807940 118.8125415
32.0807940 118.8125416
32.0807938 118.8125417
32.0807943 118.8125416
32.0807950 118.8125416
32.0807951 118.8125417
32.0807954 118.8125417
32.0807961 118.8125416
32.0807960 118.8125418
32.0807958 118.8125419
32.0807963 118.8125418
32.0807971 118.8125416
32.0807969 118.8125418
32.0807968 118.8125417
32.0807970 118.8125415
32.0807969 118.8125414
32.0807971 118.8125413
32.0807974 118.8125412
32.0807972 118.8125413
32.0807966 118.8125414
32.0807968 118.8125413
32.0807972 118.8125411
32.0807983 118.8125407
32.0808006 118.8125399
32.0808020 118.8125393
32.0808027 118.8125389
32.0808026 118.8125388
32.0808030 118.8125387
32.0808035 118.8125385
32.0808039 118.8125383
32.0808036 118.8125383
32.0808042 118.8125380
32.0808055 118.8125377
32.0808072 118.8125374
32.0808090 118.8125371
32.0808103 118.8125367
32.0808112 118.8125364
32.0808122 118.8125361
32.0808134 118.8125356
32.0808146 118.8125352
32.0808151 118.8125350
32.0808151 118.8125347
32.0808162 118.8125343
32.0808175 118.8125338
32.0808189 118.8125333
32.0808207 118.8125327
32.0808210 118.8125324
32.0808221 118.8125319
32.0808220 118.8125316
32.0808221 118.8125314
32.0808222 118.8125313
32.0808219 118.8125312
32.0808216 118.8125312
32.0808215 118.8125311
32.0808213 118.8125310
32.0808215 118.8125309
32.0808217 118.8125309
32.0808212 118.8125310
32.0808212 118.8125308
32.0808222 118.8125304
32.0808236 118.8125301
32.0808240 118.8125301
32.0808240 118.8125302
32.0808246 118.8125301
32.0808251 118.8125301
32.0808250 118.8125303
32.0808257 118.8125303
32.0808258 118.8125304
32.0808257 118.8125305
32.0808252 118.8125308
32.0808255 118.8125308
32.0808261 118.8125308
32.0808269 118.8125307
32.0808262 118.8125308
32.0808255 118.8125309
32.0808256 118.8125310
32.0808259 118.8125309
32.0808260 118.8125311
32.0808262 118.8125313
32.0808266 118.8125315
32.0808267 118.8125316
32.0808267 118.8125317
32.0808267 118.8125318
32.0808274 118.8125316
32.0808276 118.8125314
32.0808270 118.8125317
32.0808266 118.8125319
32.0808265 118.8125320
32.0808257 118.8125322
32.0808250 118.8125323
32.0808246 118.8125324
32.0808240 118.8125325
32.0808236 118.8125326
32.0808237 118.8125326
32.0808246 118.8125323
32.0808253 118.8125321
32.0808255 118.8125321
32.0808257 118.8125321
32.0808260 118.8125322
32.0808261 118.8125323
32.0808262 118.8125325
32.0808261 118.8125327
32.0808270 118.8125327
32.0808281 118.8125325
32.0808298 118.8125320
32.0808305 118.8125317
32.0808306 118.8125314
32.0808307 118.8125313
32.0808306 118.8125313
32.0808305 118.8125314
32.0808307 118.8125315
32.0808309 118.8125315
32.0808312 118.8125315
32.0808317 118.8125315
32.0808318 118.8125315
32.0808317 118.8125315
32.0808316 118.8125316
32.0808321 118.8125315
32.0808329 118.8125312
32.0808332 118.8125310
32.0808328 118.8125312
32.0808325 118.8125313
32.0808320 118.8125314
32.0808317 118.8125315
32.0808311 118.8125317
32.0808310 118.8125318
32.0808302 118.8125320
32.0808293 118.8125322
32.0808283 118.8125324
32.0808278 118.8125325
32.0808278 118.8125324
32.0808278 118.8125323
32.0808274 118.8125322
32.0808268 118.8125324
32.0808265 118.8125325
32.0808258 118.8125328
32.0808257 118.8125329
32.0808254 118.8125330
32.0808255 118.8125329
32.0808253 118.8125329
32.0808248 118.8125331
32.0808247 118.8125332
32.0808246 118.8125333
32.0808238 118.8125338
32.0808224 118.8125343
32.0808212 118.8125345
32.0808207 118.8125347
32.0808203 118.8125347
32.0808203 118.8125347
32.0808204 118.8125347
32.0808201 118.8125348
32.0808192 118.8125351
32.0808181 118.8125354
32.0808183 118.8125354
32.0808184 118.8125354
32.0808182 118.8125354
32.0808176 118.8125356
32.0808170 118.8125358
32.0808169 118.8125356
32.0808157 118.8125358
32.0808142 118.8125361
32.0808130 118.8125363
32.0808125 118.8125361
32.0808119 118.8125362
32.0808116 118.8125360
32.0808121 118.8125356
32.0808121 118.8125354
32.0808114 118.8125355
32.0808112 118.8125355
32.0808113 118.8125354
32.0808115 118.8125352
32.0808111 118.8125352
32.0808117 118.8125350
32.0808128 118.8125343
32.0808139 118.8125338
32.0808150 118.8125334
32.0808149 118.8125335
32.0808149 118.8125336
32.0808147 118.8125337
32.0808153 118.8125334
32.0808159 118.8125332
32.0808164 118.8125331
32.0808167 118.8125331
32.0808168 118.8125330
32.0808166 118.8125331
32.0808160 118.8125334
32.0808151 118.8125338
32.0808145 118.8125340
32.0808138 118.8125343
32.0808130 118.8125347
32.0808127 118.8125350
32.0808136 118.8125348
32.0808147 118.8125345
32.0808159 118.8125342
32.0808158 118.8125343
32.0808150 118.8125344
32.0808147 118.8125345
32.0808143 118.8125345
32.0808140 118.8125345
32.0808140 118.8125345
32.0808143 118.8125344
32.0808149 118.8125340
32.0808145 118.8125340
32.0808152 118.8125333
32.0808152 118.8125330
32.0808144 118.8125328
32.0808139 118.8125328
32.0808137 118.8125328
32.0808140 118.8125327
32.0808135 118.8125327
32.0808135 118.8125327
32.0808138 118.8125324
32.0808136 118.8125322
32.0808130 118.8125325
32.0808128 118.8125329
32.0808131 118.8125330
32.0808129 118.8125333
32.0808124 118.8125338
32.0808124 118.8125339
32.0808129 118.8125340
32.0808140 118.8125339
32.0808153 118.8125338
32.0808167 118.8125335
32.0808170 118.8125336
32.0808170 118.8125340
32.0808170 118.8125344
32.0808165 118.8125347
32.0808170 118.8125344
32.0808184 118.8125341
32.0808198 118.8125335
32.0808215 118.8125329
32.0808226 118.8125325
32.0808238 118.8125321
32.0808248 118.8125320
32.0808260 118.8125317
32.0808262 118.8125319
32.0808272 118.8125317
32.0808278 118.8125319
32.0808284 118.8125318
32.0808287 118.8125319
32.0808287 118.8125320
32.0808282 118.8125323
32.0808284 118.8125325
32.0808283 118.8125328
32.0808286 118.8125330
32.0808281 118.8125333
32.0808276 118.8125338
32.0808276 118.8125341
32.0808271 118.8125346
32.0808266 118.8125350
32.0808263 118.8125352
32.0808264 118.8125351
32.0808268 118.8125349
32.0808265 118.8125350
32.0808265 118.8125349
32.0808261 118.8125351
32.0808258 118.8125352
32.0808263 118.8125351
32.0808264 118.8125352
32.0808265 118.8125352
32.0808265 118.8125351
32.0808268 118.8125349
32.0808272 118.8125349
32.0808273 118.8125346
32.0808278 118.8125342
32.0808283 118.8125339
32.0808288 118.8125336
32.0808285 118.8125335
32.0808282 118.8125334
32.0808272 118.8125335
32.0808262 118.8125336
32.0808259 118.8125334
32.0808261 118.8125331
32.0808262 118.8125328
32.0808262 118.8125328
32.0808268 118.8125325
32.0808279 118.8125320
32.0808288 118.8125317
32.0808294 118.8125314
32.0808300 118.8125312
32.0808302 118.8125310
32.0808308 118.8125308
32.0808316 118.8125306
32.0808324 118.8125305
32.0808328 118.8125304
32.0808332 118.8125304
32.0808333 118.8125304
32.0808332 118.8125305
32.0808331 118.8125307
32.0808330 118.8125308
32.0808331 118.8125307
32.0808332 118.8125306
32.0808331 118.8125307
32.0808326 118.8125309
32.0808321 118.8125309
32.0808324 118.8125308
32.0808320 118.8125308
32.0808321 118.8125306
32.0808321 118.8125304
32.0808317 118.8125302
32.0808309 118.8125302
32.0808308 118.8125299
32.0808308 118.8125296
32.0808304 118.8125296
32.0808294 118.8125297
32.0808292 118.8125298
32.0808294 118.8125296
32.0808291 118.8125297
32.0808290 118.8125298
32.0808289 118.8125298
32.0808290 118.8125299
32.0808289 118.8125303
32.0808284 118.8125305
32.0808277 118.8125307
32.0808278 118.8125308
32.0808283 118.8125307
32.0808288 118.8125307
32.0808289 118.8125308
32.0808292 118.8125308
32.0808296 118.8125308
32.0808299 118.8125310
32.0808300 118.8125309
32.0808307 118.8125306
32.0808316 118.8125303
32.0808322 118.8125300
32.0808326 118.8125298
32.0808328 118.8125296
32.0808325 118.8125296
32.0808320 118.8125295
32.0808315 118.8125294
32.0808310 118.8125292
32.0808300 118.8125292
32.0808293 118.8125290
32.0808297 118.8125285
32.0808298 118.8125283
32.0808295 118.8125280
32.0808292 118.8125279
32.0808290 118.8125277
32.0808290 118.8125275
32.0808287 118.8125272
32.0808288 118.8125269
32.0808294 118.8125267
32.0808292 118.8125267
32.0808285 118.8125272
32.0808280 118.8125275
32.0808275 118.8125279
32.0808267 118.8125284
32.0808267 118.8125286
32.0808271 118.8125286
32.0808272 118.8125289
32.0808278 118.8125290
32.0808283 118.8125289
32.0808289 118.8125289
32.0808308 118.8125282
32.0808325 118.8125277
32.0808336 118.8125276
32.0808341 118.8125274
32.0808346 118.8125273
32.0808351 118.8125273
32.0808357 118.8125272
32.0808363 118.8125269
32.0808363 118.8125271
32.0808356 118.8125273
32.0808359 118.8125273
32.0808362 118.8125273
32.0808363 118.8125274
32.0808359 118.8125277
32.0808357 118.8125278
32.0808357 118.8125278
32.0808358 118.8125278
32.0808353 118.8125282
32.0808350 118.8125286
32.0808351 118.8125289
32.0808357 118.8125290
32.0808360 118.8125293
32.0808365 118.8125293
32.0808364 118.8125295
32.0808366 118.8125295
32.0808366 118.8125297
32.0808364 118.8125299
32.0808364 118.8125300
32.0808363 118.8125303
32.0808368 118.8125304
32.0808370 118.8125305
32.0808366 118.8125307
32.0808363 118.8125309
32.0808357 118.8125312
32.0808353 118.8125315
32.0808352 118.8125315
32.0808347 118.8125318
32.0808344 118.8125319
32.0808341 118.8125321
32.0808338 118.8125323
32.0808333 118.8125326
32.0808328 118.8125328
32.0808325 118.8125330
32.0808321 118.8125331
32.0808319 118.8125332
32.0808319 118.8125332
32.0808319 118.8125330
32.0808319 118.8125328
32.0808319 118.8125328
32.0808315 118.8125328
32.0808312 118.8125328
32.0808308 118.8125326
32.0808306 118.8125324
32.0808297 118.8125325
32.0808289 118.8125325
32.0808281 118.8125325
32.0808271 118.8125325
32.0808269 118.8125324
32.0808268 118.8125321
32.0808263 118.8125322
32.0808262 118.8125319
32.0808262 118.8125319
32.0808255 118.8125318
32.0808250 118.8125318
32.0808247 118.8125318
32.0808245 118.8125318
32.0808243 118.8125318
32.0808240 118.8125319
32.0808240 118.8125319
32.0808240 118.8125316
32.0808241 118.8125314
32.0808242 118.8125312
32.0808242 118.8125312
32.0808244 118.8125310
32.0808246 118.8125309
32.0808248 118.8125307
32.0808252 118.8125305
32.0808256 118.8125305
32.0808256 118.8125305
32.0808253 118.8125306
32.0808252 118.8125305
32.0808253 118.8125304
32.0808258 118.8125302
32.0808264 118.8125299
32.0808266 118.8125298
32.0808267 118.8125297
32.0808267 118.8125296
32.0808266 118.8125295
32.0808269 118.8125295
32.0808272 118.8125295
32.0808275 118.8125293
32.0808279 118.8125293
32.0809522 118.8125675
32.0809528 118.8125670
32.0809519 118.8125676
32.0809499 118.8125687
32.0809481 118.8125696
32.0809468 118.8125701
32.0809450 118.8125705
32.0809431 118.8125715
32.0809421 118.8125721
32.0809423 118.8125723
32.0809424 118.8125727
32.0809426 118.8125730
32.0809428 118.8125733
32.0809431 118.8125737
32.0809438 118.8125739
32.0809444 118.8125741
32.0809453 118.8125739
32.0809457 118.8125734
32.0809468 118.8125720
32.0809478 118.8125710
32.0809486 118.8125696
32.0809491 118.8125684
32.0809498 118.8125673
32.0809507 118.8125664
32.0809518 118.8125659
32.0809515 118.8125658
32.0809515 118.8125658
32.0809510 118.8125658
32.0809502 118.8125658
32.0809493 118.8125663
32.0809476 118.8125671
32.0809463 118.8125676
32.0809444 118.8125683
32.0809420 118.8125694
32.0809399 118.8125706
32.0809376 118.8125717
32.0809355 118.8125725
32.0809335 118.8125732
32.0809321 118.8125737
32.0809310 118.8125742
32.0809292 118.8125746
32.0809279 118.8125748
32.0809259 118.8125749
32.0809234 118.8125753
32.0809212 118.8125758
32.0809200 118.8125758
32.0809190 118.8125757
32.0809179 118.8125756
32.0809170 118.8125753
32.0809163 118.8125752
32.0809152 118.8125752
32.0809148 118.8125752
32.0809144 118.8125754
32.0809140 118.8125753
32.0809134 118.8125750
32.0809136 118.8125746
32.0809140 118.8125741
32.0809142 118.8125736
32.0809143 118.8125733
32.0809150 118.8125731
32.0809154 118.8125731
32.0809155 118.8125733
32.0809164 118.8125731
32.0809159 118.8125730
32.0809149 118.8125733
32.0809140 118.8125739
32.0809131 118.8125744
32.0809126 118.8125749
32.0809127 118.8125751
32.0809131 118.8125752
32.0809135 118.8125751
32.0809142 118.8125749
32.0809148 118.8125744
32.0809150 118.8125743
32.0809150 118.8125739
32.0809151 118.8125733
32.0809142 118.8125731
32.0809122 118.8125733
32.0809098 118.8125737
32.0809078 118.8125739
32.0809071 118.8125737
32.0809073 118.8125733
32.0809081 118.8125725
32.0809078 118.8125724
32.0809069 118.8125728
32.0808218 118.8125442
32.0808208 118.8125440
32.0808190 118.8125441
32.0808160 118.8125444
32.0808133 118.8125447
32.0808097 118.8125453
32.0808057 118.8125460
32.0808014 118.8125467
32.0807984 118.8125471
32.0807962 118.8125475
32.0807938 118.8125477
32.0807924 118.8125480
32.0807903 118.8125485
32.0807888 118.8125488
32.0807873 118.8125493
32.0807863 118.8125496
32.0807851 118.8125500
32.0807841 118.8125506
32.0807840 118.8125510
32.0807834 118.8125518
32.0807851 118.8125523
32.0807865 118.8125529
32.0807883 118.8125533
32.0807904 118.8125536
32.0807919 118.8125540
32.0807928 118.8125540
32.0807939 118.8125538
32.0807960 118.8125535
32.0807982 118.8125533
32.0808004 118.8125531
32.0808014 118.8125531
32.0808017 118.8125531
32.0808028 118.8125530
32.0808028 118.8125526
32.0808027 118.8125524
32.0808040 118.8125521
32.0808049 118.8125521
32.0808061 118.8125521
32.0808071 118.8125522
32.0808077 118.8125522
32.0808103 118.8125521
32.0808106 118.8125522
32.0808117 118.8125521
32.0808141 118.8125520
32.0808147 118.8125519
32.0808132 118.8125517
32.0808117 118.8125520
32.0808116 118.8125528
32.0808140 118.8125533
32.0808150 118.8125535
32.0808152 118.8125537
32.0808166 118.8125536
32.0808182 118.8125533
32.0808184 118.8125531
32.0808197 118.8125528
32.0808208 118.8125526
32.0808223 118.8125523
32.0808240 118.8125520
32.0808252 118.8125515
32.0808253 118.8125514
32.0808258 118.8125511
32.0808274 118.8125506
32.0808310 118.8125498
32.0808350 118.8125492
32.0808382 118.8125490
32.0808407 118.8125488
32.0808421 118.8125489
32.0808434 118.8125488
32.0808449 118.8125487
32.0808474 118.8125485
32.0808488 118.8125480
32.0808508 118.8125474
32.0808521 118.8125470
32.0808527 118.8125470
32.0808541 118.8125471
32.0808539 118.8125472
32.0808549 118.8125473
32.0808541 118.8125476
32.0808534 118.8125478
32.0808524 118.8125477
32.0808518 118.8125474
32.0808504 118.8125474
32.0808480 118.8125474
32.0808467 118.8125475
32.0808472 118.8125472
32.0808471 118.8125471
32.0808469 118.8125467
32.0808458 118.8125465
32.0808453 118.8125465
32.0808452 118.8125463
32.0808458 118.8125462
32.0808482 118.8125465
32.0808501 118.8125466
32.0808507 118.8125464
32.0808505 118.8125461
32.0808510 118.8125458
32.0808519 118.8125453
32.0808530 118.8125452
32.0808530 118.8125453
32.0808532 118.8125457
32.0808532 118.8125463
32.0808524 118.8125468
32.0808520 118.8125470
32.0808518 118.8125472
32.0808522 118.8125472
32.0808523 118.8125469
32.0808526 118.8125462
32.0808528 118.8125457
32.0808533 118.8125452
32.0808542 118.8125446
32.0808545 118.8125443
32.0808548 118.8125438
32.0808543 118.8125435
32.0808541 118.8125432
32.0808547 118.8125429
32.0808549 118.8125424
32.0808545 118.8125421
32.0808538 118.8125416
32.0808544 118.8125415
32.0808548 118.8125415
32.0808550 118.8125413
32.0808556 118.8125410
32.0808554 118.8125408
32.0808552 118.8125405
32.0808558 118.8125402
32.0808565 118.8125397
32.0808575 118.8125390
32.0808585 118.8125388
32.0808596 118.8125387
32.0808599 118.8125389
32.0808590 118.8125390
32.0808590 118.8125390
32.0808578 118.8125391
32.0808580 118.8125389
32.0808583 118.8125386
32.0808582 118.8125380
32.0808581 118.8125375
32.0808577 118.8125370
32.0808591 118.8125367
32.0808594 118.8125366
32.0808592 118.8125365
32.0808589 118.8125363
32.0808587 118.8125361
32.0808596 118.8125359
32.0808607 118.8125357
32.0808611 118.8125355
32.0808605 118.8125354
32.0808609 118.8125351
32.0808598 118.8125349
32.0808589 118.8125346
32.0808587 118.8125341
32.0808579 118.8125337
32.0808573 118.8125337
32.0808571 118.8125339
32.0808570 118.8125341
32.0808579 118.8125342
32.0808597 118.8125342
32.0808612 118.8125341
32.0808623 118.8125340
32.0808633 118.8125341
32.0808656 118.8125341
32.0808644 118.8125341
32.0808641 118.8125340
32.0808636 118.8125341
32.0808637 118.8125340
32.0808644 118.8125338
32.0808672 118.8125335
32.0808690 118.8125331
32.0808712 118.8125327
32.0808730 118.8125326
32.0808749 118.8125327
32.0808764 118.8125326
32.0808777 118.8125325
32.0808791 118.8125322
32.0808797 118.8125321
32.0808802 118.8125324
32.0808816 118.8125327
32.0808830 118.8125328
32.0808838 118.8125326
32.0808848 118.8125322
32.0808868 118.8125317
32.0808886 118.8125314
32.0808895 118.8125311
32.0808906 118.8125309
32.0808910 118.8125309
32.0808917 118.8125310
32.0808912 118.8125311
32.0808901 118.8125310
32.0808890 118.8125307
32.0808873 118.8125303
32.0808862 118.8125304
32.0808832 118.8125304
32.0808806 118.8125305
32.0808791 118.8125307
32.0808788 118.8125305
32.0808786 118.8125303
32.0808782 118.8125302
32.0808774 118.8125302
32.0808772 118.8125303
32.0808768 118.8125304
32.0808757 118.8125309
32.0808753 118.8125314
32.0808747 118.8125316
32.0808750 118.8125315
32.0808746 118.8125315
32.0808746 118.8125315
32.0808741 118.8125314
32.0808756 118.8125315
32.0808771 118.8125316
32.0808778 118.8125318
32.0808801 118.8125324
32.0808821 118.8125326
32.0808840 118.8125329
32.0808869 118.8125331
32.0808902 118.8125336
32.0808927 118.8125340
32.0808933 118.8125342
32.0808935 118.8125340
32.0808937 118.8125338
32.0808932 118.8125337
32.0808930 118.8125337
32.0808927 118.8125338
32.0808906 118.8125341
32.0808876 118.8125344
32.0808865 118.8125349
32.0808848 118.8125354
32.0808851 118.8125358
32.0808843 118.8125366
32.0808845 118.8125373
32.0808845 118.8125377
32.0808833 118.8125381
32.0808807 118.8125379
32.0808801 118.8125373
32.0808801 118.8125368
32.0808802 118.8125363
32.0808810 118.8125361
32.0808818 118.8125359
32.0808819 118.8125355
32.0808829 118.8125351
32.0808837 118.8125349
32.0808834 118.8125345
32.0808832 118.8125343
32.0808821 118.8125338
32.0808830 118.8125337
32.0808825 118.8125337
32.0808825 118.8125338
32.0808833 118.8125337
32.0808845 118.8125335
32.0808858 118.8125334
32.0808874 118.8125331
32.0808892 118.8125333
32.0808906 118.8125336
32.0808906 118.8125337
32.0808914 118.8125339
32.0808927 118.8125345
32.0808939 118.8125346
32.0808946 118.8125348
32.0808947 118.8125350
32.0808936 118.8125354
32.0808921 118.8125360
32.0808888 118.8125363
32.0808867 118.8125366
32.0808859 118.8125366
32.0808848 118.8125368
32.0808860 118.8125373
32.0808851 118.8125380
32.0808854 118.8125389
32.0808848 118.8125398
32.0808831 118.8125405
32.0808814 118.8125405
32.0808802 118.8125405
32.0808779 118.8125407
32.0808752 118.8125411
32.0808714 118.8125416
32.0808681 118.8125422
32.0808655 118.8125426
32.0808634 118.8125432
32.0808625 118.8125434
32.0808615 118.8125434
32.0808604 118.8125434
32.0808593 118.8125433
32.0808597 118.8125433
32.0808587 118.8125428
32.0808584 118.8125425
32.0808561 118.8125421
32.0808546 118.8125420
32.0808532 118.8125420
32.0808516 118.8125422
32.0808510 118.8125430
32.0808502 118.8125434
32.0808495 118.8125438
32.0808489 118.8125443
32.0808479 118.8125445
32.0808486 118.8125448
32.0808495 118.8125450
32.0808497 118.8125452
32.0808505 118.8125454
32.0808511 118.8125456
32.0808516 118.8125458
32.0808523 118.8125460
32.0808514 118.8125460
32.0808503 118.8125463
32.0808482 118.8125468
32.0808454 118.8125471
32.0808423 118.8125476
32.0808381 118.8125477
32.0808349 118.8125480
32.0808322 118.8125486
32.0808292 118.8125492
32.0808261 118.8125496
32.0808247 118.8125500
32.0808240 118.8125503
32.0808231 118.8125508
32.0808222 118.8125509
32.0808210 118.8125510
32.0808203 118.8125510
32.0808209 118.8125508
32.0808226 118.8125505
32.0808248 118.8125502
32.0808253 118.8125497
32.0808260 118.8125494
32.0808275 118.8125490
32.0808280 118.8125487
32.0808288 118.8125482
32.0808286 118.8125474
32.0808287 118.8125467
32.0808290 118.8125459
32.0808306 118.8125457
32.0808309 118.8125455
32.0808304 118.8125454
32.0808317 118.8125453
32.0808323 118.8125454
32.0808319 118.8125454
32.0808304 118.8125452
32.0808296 118.8125449
32.0808287 118.8125446
32.0808274 118.8125448
32.0808266 118.8125450
32.0808252 118.8125450
32.0808223 118.8125447
32.0808196 118.8125443
32.0808176 118.8125439
32.0808201 118.8125438
32.0808200 118.8125432
32.0808201 118.8125426
32.0808211 118.8125419
32.0808207 118.8125412
32.0808198 118.8125404
32.0808194 118.8125397
32.0808204 118.8125392
32.0808203 118.8125389
32.0808193 118.8125389
32.0808186 118.8125390
32.0808188 118.8125391
32.0808190 118.8125394
32.0808198 118.8125393
32.0808208 118.8125396
32.0808232 118.8125400
32.0808251 118.8125404
32.0808285 118.8125411
32.0808311 118.8125416
32.0808352 118.8125420
32.0808373 118.8125423
32.0808400 118.8125427
32.0808427 118.8125432
32.0808424 118.8125434
32.0808415 118.8125434
32.0808413 118.8125435
32.0808406 118.8125436
32.0808407 118.8125435
32.0808429 118.8125431
32.0808437 118.8125428
32.0808443 118.8125431
32.0808419 118.8125435
32.0808398 118.8125435
32.0808386 118.8125434
32.0808381 118.8125436
32.0808373 118.8125436
32.0808366 118.8125435
32.0808363 118.8125432
32.0808370 118.8125429
32.0808359 118.8125429
32.0808353 118.8125428
32.0808351 118.8125428
32.0808343 118.8125430
32.0808337 118.8125431
32.0808331 118.8125432
32.0808326 118.8125432
32.0808323 118.8125435
32.0808321 118.8125437
32.0808323 118.8125440
32.0808331 118.8125444
32.0808332 118.8125448
32.0808331 118.8125452
32.0808337 118.8125456
32.0808345 118.8125458
32.0808352 118.8125463
32.0808339 118.8125468
32.0808347 118.8125474
32.0808343 118.8125479
32.0808339 118.8125479
32.0808334 118.8125481
32.0808326 118.8125486
32.0808318 118.8125493
32.0808303 118.8125499
32.0808295 118.8125504
32.0808279 118.8125508
32.0808267 118.8125513
32.0808252 118.8125518
32.0808239 118.8125523
32.0808227 118.8125526
32.0808222 118.8125528
32.0808211 118.8125529
32.0808199 118.8125533
32.0808150 118.8125532
32.0808083 118.8125526
32.0808010 118.8125520
32.0807997 118.8125513
32.0807998 118.8125508
32.0808004 118.8125502
32.0808036 118.8125500
32.0808064 118.8125500
32.0808089 118.8125499
32.0808124 118.8125499
32.0808172 118.8125501
32.0808248 118.8125507
32.0808283 118.8125508
32.0808300 118.8125507
32.0808313 118.8125507
32.0808316 118.8125506
32.0808326 118.8125507
32.0808313 118.8125509
32.0808302 118.8125511
32.0808289 118.8125513
32.0808260 118.8125516
32.0808243 118.8125520
32.0808215 118.8125523
32.0808190 118.8125526
32.0808166 118.8125526
32.0808147 118.8125528
32.0808129 118.8125529
32.0808107 118.8125529
32.0808089 118.8125530
32.0808081 118.8125532
32.0808079 118.8125536
32.0808091 118.8125540
32.0808094 118.8125547
32.0808085 118.8125554
32.0808074 118.8125560
32.0808065 118.8125564
32.0808059 118.8125572
32.0808055 118.8125577
32.0808043 118.8125578
32.0808044 118.8125576
32.0808048 118.8125574
32.0808065 118.8125576
32.0808064 118.8125576
32.0808068 118.8125574
32.0808077 118.8125570
32.0808083 118.8125567
32.0808083 118.8125562
32.0808094 118.8125555
32.0808126 118.8125553
32.0808146 118.8125551
32.0808171 118.8125550
32.0808189 118.8125548
32.0808194 118.8125545
32.0808196 118.8125543
32.0808186 118.8125546
32.0808191 118.8125552
32.0808188 118.8125557
32.0808195 118.8125560
32.0808188 118.8125564
32.0808175 118.8125568
32.0808161 118.8125572
32.0808142 118.8125574
32.0808135 118.8125574
32.0808137 118.8125572
32.0808143 118.8125572
32.0808143 118.8125577
32.0808134 118.8125580
32.0808132 118.8125585
32.0808112 118.8125586
32.0808104 118.8125585
32.0808109 118.8125590
32.0808129 118.8125593
32.0808149 118.8125598
32.0808136 118.8125601
32.0808132 118.8125606
32.0808131 118.8125608
32.0808123 118.8125609
32.0808110 118.8125614
32.0808089 118.8125620
32.0808072 118.8125626
32.0808059 118.8125632
32.0808046 118.8125636
32.0808019 118.8125640
32.0807981 118.8125643
32.0807947 118.8125648
32.0807906 118.8125652
32.0807875 118.8125654
32.0807847 118.8125655
32.0807816 118.8125657
32.0807769 118.8125658
32.0807731 118.8125661
32.0807710 118.8125666
32.0807684 118.8125667
32.0807644 118.8125668
32.0807628 118.8125667
32.0807599 118.8125665
32.0807592 118.8125663
32.0807591 118.8125660
32.0807594 118.8125658
32.0807599 118.8125654
32.0807599 118.8125652
32.0807595 118.8125651
32.0807583 118.8125649
32.0807580 118.8125646
32.0807590 118.8125644
32.0807605 118.8125642
32.0807623 118.8125641
32.0807642 118.8125639
32.0807658 118.8125638
32.0807665 118.8125638
32.0807680 118.8125637
32.0807684 118.8125638
32.0807692 118.8125639
32.0807693 118.8125639
32.0807690 118.8125641
32.0807678 118.8125641
32.0807670 118.8125641
32.0807666 118.8125644
32.0807676 118.8125646
32.0807677 118.8125648
32.0807663 118.8125649
32.0807651 118.8125650
32.0807637 118.8125651
32.0807622 118.8125654
32.0807611 118.8125657
32.0807586 118.8125658
32.0807560 118.8125659
32.0807531 118.8125659
32.0807502 118.8125659
32.0807485 118.8125657
32.0807474 118.8125654
32.0807457 118.8125651
32.0807435 118.8125648
32.0807419 118.8125645
32.0807412 118.8125643
32.0807405 118.8125640
32.0807402 118.8125634
32.0807394 118.8125629
32.0807378 118.8125625
32.0807376 118.8125623
32.0807379 118.8125622
32.0807383 118.8125618
32.0807390 118.8125612
32.0807393 118.8125607
32.0807397 118.8125601
32.0807402 118.8125597
32.0807400 118.8125595
32.0807399 118.8125594
32.0807399 118.8125591
32.0807404 118.8125590
32.0807408 118.8125588
32.0807422 118.8125586
32.0807427 118.8125585
32.0807435 118.8125582
32.0807442 118.8125578
32.0807445 118.8125574
32.0807446 118.8125570
32.0807447 118.8125568
32.0807444 118.8125565
32.0807443 118.8125563
32.0807446 118.8125561
32.0807453 118.8125561
32.0807462 118.8125559
32.0807464 118.8125558
32.0807472 118.8125556
32.0807480 118.8125555
32.0807498 118.8125553
32.0807514 118.8125551
32.0807536 118.8125551
32.0807554 118.8125551
32.0807579 118.8125549
32.0807612 118.8125545
32.0807639 118.8125542
32.0807660 118.8125540
32.0807680 118.8125536
32.0807694 118.8125535
32.0807714 118.8125530
32.0807734 118.8125524
32.0807750 118.8125518
32.0807761 118.8125515
32.0807772 118.8125512
32.0807782 118.8125508
32.0807797 118.8125507
32.0807804 118.8125506
32.0807819 118.8125503
32.0807831 118.8125502
32.0807836 118.8125503
32.0807839 118.8125505
32.0807828 118.8125506
32.0807824 118.8125509
32.0807817 118.8125512
32.0807818 118.8125513
32.0807812 118.8125512
32.0807808 118.8125508
32.0807807 118.8125505
32.0807803 118.8125500
32.0807814 118.8125496
32.0807817 118.8125492
32.0807817 118.8125488
32.0807804 118.8125483
32.0807789 118.8125479
32.0807783 118.8125473
32.0807770 118.8125468
32.0807763 118.8125463
32.0807765 118.8125460
32.0807773 118.8125456
32.0807788 118.8125454
32.0807795 118.8125454
32.0807805 118.8125452
32.0807815 118.8125451
32.0807809 118.8125449
32.0807803 118.8125447
32.0807799 118.8125444
32.0807796 118.8125441
32.0807797 118.8125440
32.0807788 118.8125439
32.0807797 118.8125438
32.0807821 118.8125434
32.0807832 118.8125428
32.0807840 118.8125425
32.0807841 118.8125423
32.0807841 118.8125420
32.0807837 118.8125418
32.0807821 118.8125417
32.0807804 118.8125415
32.0807804 118.8125411
32.0807814 118.8125406
32.0807826 118.8125403
32.0807843 118.8125402
32.0807859 118.8125402
32.0807857 118.8125402
32.0807855 118.8125401
32.0807853 118.8125402
32.0807850 118.8125402
32.0807852 118.8125401
32.0807856 118.8125399
32.0807858 118.8125397
32.0807858 118.8125396
32.0807862 118.8125394
32.0807860 118.8125392
32.0807854 118.8125389
32.0807848 118.8125385
32.0807839 118.8125379
32.0807828 118.8125374
32.0807811 118.8125370
32.0807794 118.8125366
32.0807784 118.8125362
32.0807777 118.8125360
32.0807760 118.8125358
32.0807743 118.8125357
32.0807725 118.8125356
32.0807722 118.8125356
32.0807715 118.8125354
32.0807694 118.8125354
32.0807669 118.8125356
32.0807650 118.8125358
32.0807627 118.8125361
32.0807602 118.8125365
32.0807569 118.8125372
32.0807540 118.8125375
32.0807515 118.8125378
32.0807493 118.8125382
32.0807473 118.8125382
32.0807449 118.8125383
32.0807438 118.8125383
32.0807429 118.8125383
32.0807415 118.8125385
32.0807410 118.8125385
32.0807394 118.8125389
32.0807383 118.8125393
32.0807375 118.8125395
32.0807371 118.8125397
32.0807365 118.8125395
32.0807359 118.8125395
32.0807362 118.8125397
32.0807358 118.8125398
32.0807363 118.8125400
32.0807350 118.8125404
32.0807342 118.8125407
32.0807333 118.8125411
32.0807316 118.8125412
32.0807312 118.8125415
32.0807314 118.8125417
32.0807320 118.8125417
32.0807326 118.8125419
32.0807312 118.8125420
32.0807297 118.8125422
32.0807287 118.8125426
32.0807271 118.8125429
32.0807263 118.8125433
32.0807269 118.8125438
32.0807273 118.8125445
32.0807279 118.8125450
32.0807279 118.8125453
32.0807279 118.8125454
32.0807277 118.8125459
32.0807270 118.8125462
32.0807251 118.8125464
32.0807242 118.8125466
32.0807234 118.8125472
32.0807240 118.8125476
32.0807256 118.8125478
32.0807266 118.8125478
32.0807265 118.8125478
32.0807261 118.8125484
32.0807255 118.8125489
32.0807245 118.8125496
32.0807239 118.8125502
32.0807255 118.8125504
32.0807266 118.8125506
32.0807294 118.8125506
32.0807324 118.8125506
32.0807333 118.8125503
32.0807342 118.8125500
32.0807349 118.8125495
32.0807361 118.8125491
32.0807374 118.8125490
32.0807391 118.8125487
32.0807404 118.8125486
32.0807414 118.8125487
32.0807420 118.8125487
32.0807425 118.8125490
32.0807440 118.8125491
32.0807466 118.8125496
32.0807472 118.8125499
32.0807481 118.8125500
32.0807496 118.8125499
32.0807508 118.8125497
32.0807518 118.8125495
32.0807534 118.8125493
32.0807549 118.8125492
32.0807554 118.8125493
32.0807577 118.8125494
32.0807601 118.8125494
32.0807611 118.8125494
32.0807624 118.8125492
32.0807639 118.8125492
32.0807660 118.8125492
32.0807668 118.8125493
32.0807671 118.8125495
32.0807673 118.8125496
32.0807666 118.8125498
32.0807667 118.8125500
32.0807652 118.8125503
32.0807650 118.8125504
32.0807645 118.8125509
32.0807645 118.8125514
32.0807646 118.8125516
32.0807647 118.8125518
32.0807642 118.8125520
32.0807646 118.8125524
32.0807643 118.8125527
32.0807643 118.8125528
32.0807630 118.8125528
32.0807612 118.8125532
32.0807613 118.8125535
32.0807612 118.8125536
32.0807605 118.8125537
32.0807602 118.8125537
32.0807584 118.8125538
32.0807566 118.8125535
32.0807555 118.8125533
32.0807548 118.8125530
32.0807530 118.8125529
32.0807515 118.8125529
32.0807489 118.8125526
32.0807447 118.8125521
32.0807410 118.8125517
32.0807373 118.8125511
32.0807341 118.8125509
32.0807306 118.8125510
32.0807269 118.8125512
32.0807240 118.8125513
32.0807203 118.8125518
32.0807170 118.8125525
32.0807137 118.8125529
32.0807114 118.8125529
32.0807084 118.8125531
32.0807052 118.8125536
32.0807021 118.8125540
32.0806992 118.8125545
32.0806966 118.8125550
32.0806949 118.8125555
32.0806939 118.8125560
32.0806928 118.8125563
32.0806914 118.8125567
32.0806911 118.8125571
32.0806897 118.8125572
32.0806882 118.8125574
32.0806869 118.8125578
32.0806846 118.8125582
32.0806825 118.8125587
32.0806797 118.8125593
32.0806773 118.8125599
32.0806758 118.8125606
32.0806734 118.8125618
32.0806718 118.8125628
32.0806698 118.8125634
32.0806691 118.8125641
32.0806685 118.8125647
32.0806678 118.8125652
32.0806672 118.8125656
32.0806660 118.8125660
32.0806660 118.8125664
32.0806660 118.8125663
32.0806664 118.8125658
32.0806688 118.8125654
32.0806718 118.8125650
32.0806754 118.8125645
32.0806780 118.8125642
32.0806797 118.8125639
32.0806810 118.8125638
32.0806822 118.8125636
32.0806839 118.8125633
32.0806852 118.8125631
32.0806875 118.8125626
32.0806894 118.8125624
32.0806913 118.8125621
32.0806941 118.8125621
32.0806963 118.8125621
32.0806982 118.8125621
32.0807001 118.8125622
32.0807008 118.8125625
32.0807019 118.8125627
32.0807022 118.8125628
32.0807022 118.8125629
32.0807012 118.8125629
32.0807017 118.8125626
32.0807027 118.8125623
32.0807030 118.8125622
32.0807028 118.8125621
32.0807033 118.8125617
32.0807030 118.8125615
32.0807022 118.8125614
32.0807027 118.8125614
32.0807018 118.8125617
32.0807021 118.8125616
32.0807019 118.8125616
32.0807016 118.8125616
32.0807010 118.8125620
32.0807003 118.8125619
32.0807009 118.8125615
32.0807017 118.8125612
32.0807025 118.8125609
32.0807025 118.8125607
32.0807032 118.8125605
32.0807046 118.8125603
32.0807064 118.8125598
32.0807077 118.8125593
32.0807088 118.8125588
32.0807107 118.8125583
32.0806537 118.8125590
32.0806530 118.8125588
32.0806535 118.8125588
32.0806542 118.8125587
32.0806546 118.8125584
32.0806541 118.8125584
32.0806544 118.8125586
32.0806550 118.8125586
32.0806551 118.8125585
32.0806559 118.8125584
32.0806569 118.8125580
32.0806571 118.8125579
32.0806570 118.8125578
32.0806562 118.8125577
32.0806557 118.8125573
32.0806555 118.8125571
32.0806567 118.8125568
32.0806563 118.8125566
32.0806553 118.8125566
32.0806541 118.8125564
32.0806534 118.8125564
32.0806535 118.8125562
32.0806543 118.8125562
32.0806545 118.8125564
32.0806547 118.8125567
32.0806554 118.8125569
32.0806561 118.8125569
32.0806563 118.8125570
32.0806568 118.8125572
32.0806571 118.8125576
32.0806570 118.8125579
32.0806590 118.8125580
32.0806602 118.8125583
32.0806604 118.8125587
32.0806603 118.8125593
32.0806604 118.8125597
32.0806599 118.8125603
32.0806590 118.8125612
32.0806573 118.8125620
32.0806554 118.8125630
32.0806541 118.8125633
32.0806519 118.8125637
32.0806495 118.8125642
32.0806471 118.8125647
32.0806450 118.8125649
32.0806429 118.8125648
32.0806410 118.8125647
32.0806395 118.8125645
32.0806372 118.8125641
32.0806332 118.8125638
32.0806296 118.8125637
32.0806256 118.8125637
32.0806216 118.8125637
32.0806181 118.8125636
32.0806153 118.8125637
32.0806116 118.8125636
32.0806097 118.8125634
32.0806088 118.8125636
32.0806079 118.8125641
32.0806077 118.8125644
32.0806075 118.8125646
32.0806071 118.8125649
32.0806060 118.8125650
32.0806039 118.8125649
32.0806019 118.8125647
32.0805995 118.8125645
32.0805978 118.8125641
32.0805969 118.8125637
32.0805956 118.8125631
32.0805947 118.8125625
32.0805943 118.8125618
32.0805937 118.8125612
32.0805939 118.8125608
32.0805938 118.8125603
32.0805939 118.8125598
32.0805944 118.8125596
32.0805935 118.8125596
32.0805920 118.8125599
32.0805896 118.8125602
32.0805880 118.8125606
32.0805869 118.8125609
32.0805859 118.8125613
32.0805855 118.8125613
32.0805842 118.8125618
32.0805835 118.8125621
32.0805825 118.8125626
32.0805813 118.8125630
32.0805800 118.8125632
32.0805794 118.8125630
32.0805806 118.8125628
32.0805821 118.8125625
32.0805822 118.8125625
32.0805821 118.8125625
32.0805825 118.8125625
32.0805838 118.8125625
32.0805845 118.8125626
32.0805852 118.8125630
32.0805850 118.8125635
32.0805851 118.8125640
32.0805855 118.8125642
32.0805864 118.8125646
32.0805865 118.8125649
32.0805873 118.8125650
32.0805861 118.8125653
32.0805858 118.8125655
32.0805859 118.8125656
32.0805852 118.8125656
32.0805838 118.8125657
32.0805830 118.8125657
32.0805819 118.8125660
32.0805826 118.8125664
32.0805827 118.8125665
32.0805824 118.8125668
32.0805821 118.8125668
32.0805817 118.8125667
32.0805819 118.8125664
32.0805826 118.8125661
32.0805828 118.8125660
32.0805827 118.8125665
32.0805795 118.8125668
32.0805772 118.8125672
32.0805761 118.8125671
32.0805756 118.8125673
32.0805761 118.8125677
32.0805767 118.8125678
32.0805791 118.8125677
32.0805793 118.8125673
32.0805797 118.8125670
32.0805805 118.8125668
32.0805819 118.8125667
32.0805840 118.8125666
32.0805857 118.8125661
32.0805882 118.8125656
32.0805896 118.8125652
32.0805921 118.8125649
32.0805953 118.8125645
32.0805985 118.8125640
32.0806014 118.8125631
32.0806046 118.8125622
32.0806071 118.8125613
32.0806107 118.8125605
32.0806144 118.8125598
32.0806195 118.8125592
32.0806236 118.8125588
32.0806265 118.8125585
32.0806290 118.8125581
32.0806311 118.8125578
32.0806330 118.8125576
32.0806357 118.8125575
32.0806391 118.8125574
32.0806413 118.8125571
32.0806436 118.8125571
32.0806452 118.8125573
32.0806466 118.8125575
32.0806474 118.8125579
32.0806473 118.8125586
32.0806465 118.8125590
32.0806457 118.8125593
32.0806461 118.8125595
32.0806469 118.8125596
32.0806479 118.8125597
32.0806484 118.8125596
32.0806482 118.8125591
32.0806481 118.8125583
32.0806495 118.8125573
32.0806514 118.8125566
32.0806535 118.8125560
32.0806543 118.8125556
32.0806559 118.8125551
32.0806559 118.8125548
32.0806560 118.8125547
32.0806561 118.8125548
32.0806571 118.8125550
32.0806576 118.8125550
32.0806573 118.8125549
32.0806579 118.8125551
32.0806598 118.8125551
32.0806609 118.8125548
32.0806618 118.8125545
32.0806632 118.8125542
32.0806649 118.8125537
32.0806661 118.8125534
32.0806675 118.8125528
32.0806680 118.8125525
32.0806675 118.8125525
32.0806680 118.8125525
32.0806684 118.8125523
32.0806686 118.8125520
32.0806686 118.8125518
32.0806687 118.8125517
32.0806697 118.8125515
32.0806695 118.8125514
32.0806697 118.8125511
32.0806705 118.8125506
32.0806715 118.8125501
32.0806728 118.8125495
32.0806746 118.8125492
32.0806766 118.8125487
32.0806785 118.8125485
32.0806802 118.8125482
32.0806808 118.8125480
32.0806815 118.8125479
32.0806821 118.8125482
32.0806817 118.8125485
32.0806821 118.8125492
32.0806827 118.8125496
32.0806822 118.8125498
32.0806821 118.8125503
32.0806810 118.8125506
32.0806800 118.8125510
32.0806787 118.8125514
32.0806773 118.8125514
32.0806757 118.8125514
32.0806736 118.8125515
32.0806718 118.8125517
32.0806697 118.8125521
32.0806675 118.8125524
32.0806665 118.8125525
32.0806655 118.8125524
32.0806657 118.8125523
32.0806643 118.8125522
32.0806633 118.8125523
32.0806614 118.8125527
32.0806593 118.8125530
32.0806572 118.8125536
32.0806549 118.8125542
32.0806524 118.8125548
32.0806503 118.8125551
32.0806479 118.8125552
32.0806469 118.8125555
32.0806470 118.8125557
32.0806471 118.8125559
32.0806467 118.8125560
32.0806470 118.8125560
32.0806462 118.8125562
32.0806445 118.8125566
32.0806429 118.8125571
32.0806416 118.8125576
32.0806400 118.8125577
32.0806390 118.8125580
32.0806385 118.8125583
32.0806386 118.8125584
32.0806392 118.8125586
32.0806405 118.8125586
32.0806417 118.8125587
32.0806440 118.8125585
32.0806455 118.8125584
32.0806464 118.8125583
32.0806478 118.8125579
32.0806486 118.8125578
32.0806495 118.8125576
32.0806506 118.8125573
32.0806505 118.8125573
32.0806509 118.8125573
32.0806507 118.8125576
32.0806511 118.8125579
32.0806522 118.8125580
32.0806539 118.8125580
32.0806552 118.8125583
32.0806569 118.8125585
32.0806572 118.8125590
32.0806576 118.8125589
32.0806576 118.8125592
32.0806550 118.8125605
32.0806538 118.8125611
32.0806547 118.8125614
32.0806552 118.8125612
32.0806545 118.8125615
32.0806527 118.8125618
32.0806518 118.8125617
32.0806494 118.8125617
32.0806466 118.8125619
32.0806437 118.8125620
32.0806405 118.8125623
32.0806397 118.8125623
32.0806404 118.8125622
32.0806416 118.8125619
32.0806438 118.8125615
32.0806497 118.8125605
32.0806537 118.8125600
32.0806565 118.8125594
32.0806570 118.8125592
32.0806581 118.8125586
32.0806609 118.8125579
32.0806611 118.8125576
32.0806606 118.8125573
32.0806603 118.8125574
32.0806590 118.8125575
32.0806597 118.8125575
32.0806605 118.8125574
32.0806605 118.8125571
32.0806605 118.8125569
32.0806602 118.8125565
32.0806596 118.8125561
32.0806595 118.8125560
32.0806607 118.8125560
32.0806617 118.8125563
32.0806628 118.8125565
32.0806647 118.8125563
32.0806671 118.8125559
32.0806698 118.8125557
32.0806720 118.8125557
32.0806731 118.8125561
32.0806743 118.8125565
32.0806751 118.8125570
32.0806762 118.8125745
32.0806768 118.8125748
32.0806779 118.8125750
32.0806786 118.8125755
32.0806798 118.8125762
32.0806810 118.8125770
32.0806817 118.8125776
32.0806815 118.8125782
32.0806808 118.8125787
32.0806802 118.8125795
32.0806797 118.8125802
32.0806796 118.8125808
32.0806799 118.8125814
32.0806821 118.8125814
32.0806860 118.8125811
32.0806885 118.8125806
32.0806905 118.8125802
32.0806924 118.8125795
32.0806934 118.8125790
32.0806943 118.8125788
32.0806941 118.8125785
32.0806950 118.8125783
32.0806949 118.8125783
32.0806950 118.8125783
32.0806945 118.8125781
32.0806935 118.8125780
32.0806923 118.8125781
32.0806918 118.8125783
32.0806913 118.8125782
32.0806898 118.8125783
32.0806884 118.8125785
32.0806889 118.8125782
32.0806887 118.8125779
32.0806890 118.8125774
32.0806889 118.8125769
32.0806895 118.8125763
32.0806906 118.8125754
32.0806920 118.8125745
32.0806931 118.8125740
32.0806941 118.8125733
32.0806960 118.8125728
32.0806980 118.8125723
32.0806992 118.8125720
32.0806992 118.8125715
32.0806981 118.8125709
32.0806980 118.8125703
32.0806972 118.8125700
32.0806952 118.8125696
32.0806944 118.8125696
32.0806933 118.8125694
32.0806923 118.8125695
32.0806931 118.8125696
32.0806945 118.8125694
32.0806966 118.8125692
32.0806973 118.8125690
32.0806984 118.8125688
32.0806996 118.8125688
32.0807000 118.8125690
32.0807017 118.8125688
32.0807032 118.8125687
32.0807041 118.8125686
32.0807047 118.8125687
32.0807059 118.8125686
32.0807060 118.8125684
32.0807065 118.8125681
32.0807075 118.8125678
32.0807089 118.8125672
32.0807103 118.8125666
32.0807118 118.8125659
32.0807130 118.8125652
32.0807144 118.8125645
32.0807158 118.8125637
32.0807180 118.8125631
32.0807186 118.8125627
32.0807197 118.8125620
32.0807210 118.8125610
32.0807215 118.8125604
32.0807209 118.8125600
32.0807204 118.8125595
32.0807195 118.8125592
32.0807198 118.8125589
32.0807198 118.8125585
32.0807200 118.8125581
32.0807190 118.8125581
32.0807189 118.8125580
32.0807190 118.8125579
32.0807197 118.8125576
32.0807210 118.8125576
32.0807220 118.8125575
32.0807226 118.8125576
32.0807229 118.8125579
32.0807228 118.8125581
32.0807232 118.8125583
32.0807241 118.8125583
32.0807249 118.8125580
32.0807255 118.8125579
32.0807263 118.8125576
32.0807268 118.8125573
32.0807269 118.8125571
32.0807272 118.8125571
32.0807274 118.8125569
32.0807267 118.8125568
32.0807265 118.8125568
32.0807261 118.8125567
32.0807256 118.8125565
32.0807251 118.8125561
32.0807244 118.8125557
32.0807235 118.8125553
32.0807225 118.8125548
32.0807215 118.8125545
32.0807200 118.8125545
32.0807185 118.8125544
32.0807163 118.8125545
32.0807134 118.8125549
32.0807108 118.8125549
32.0807075 118.8125547
32.0807029 118.8125545
32.0806990 118.8125545
32.0806939 118.8125546
32.0806873 118.8125547
32.0806813 118.8125552
32.0806755 118.8125560
32.0806705 118.8125569
32.0806655 118.8125576
32.0806630 118.8125586
32.0806617 118.8125596
32.0806608 118.8125606
32.0806607 118.8125611
32.0806611 118.8125614
32.0806619 118.8125614
32.0806641 118.8125615
32.0806654 118.8125617
32.0806675 118.8125617
32.0806701 118.8125617
32.0806725 118.8125619
32.0806746 118.8125618
32.0806764 118.8125618
32.0806762 118.8125622
32.0806745 118.8125629
32.0806743 118.8125634
32.0806741 118.8125638
32.0806735 118.8125644
32.0806731 118.8125649
32.0806737 118.8125650
32.0806740 118.8125650
32.0806743 118.8125648
32.0806744 118.8125648
32.0806744 118.8125649
32.0806741 118.8125651
32.0806742 118.8125653
32.0806739 118.8125657
32.0806743 118.8125662
32.0806739 118.8125667
32.0806739 118.8125672
32.0806745 118.8125674
32.0806753 118.8125675
32.0806762 118.8125674
32.0806773 118.8125673
32.0806774 118.8125674
32.0806781 118.8125676
32.0806783 118.8125681
32.0806787 118.8125685
32.0806795 118.8125688
32.0806796 118.8125691
32.0806801 118.8125695
32.0806814 118.8125692
32.0806824 118.8125691
32.0806834 118.8125690
32.0806852 118.8125687
32.0806870 118.8125683
32.0806877 118.8125680
32.0806887 118.8125679
32.0806897 118.8125678
32.0808983 118.8124722
32.0809000 118.8124725
32.0809011 118.8124727
32.0809031 118.8124731
32.0809048 118.8124734
32.0809065 118.8124737
32.0809084 118.8124739
32.0809098 118.8124739
32.0809105 118.8124744
32.0809111 118.8124748
32.0809112 118.8124755
32.0809137 118.8124752
32.0809153 118.8124749
32.0809170 118.8124749
32.0809199 118.8124743
32.0809219 118.8124740
32.0809240 118.8124737
32.0809258 118.8124737
32.0809268 118.8124737
32.0809283 118.8124735
32.0809303 118.8124732
32.0809311 118.8124733
32.0809310 118.8124735
32.0809306 118.8124741
32.0809298 118.8124747
32.0809285 118.8124754
32.0809277 118.8124759
32.0809262 118.8124766
32.0809253 118.8124773
32.0809250 118.8124777
32.0809248 118.8124780
32.0809250 118.8124782
32.0809256 118.8124784
32.0809258 118.8124784
32.0809254 118.8124787
32.0809248 118.8124792
32.0809254 118.8124793
32.0809256 118.8124793
32.0809266 118.8124792
32.0809262 118.8124792
32.0809261 118.8124794
32.0809260 118.8124796
32.0809255 118.8124799
32.0809253 118.8124803
32.0809243 118.8124806
32.0809229 118.8124812
32.0809214 118.8124816
32.0809196 118.8124823
32.0809174 118.8124831
32.0809149 118.8124836
32.0809127 118.8124841
32.0809102 118.8124845
32.0809073 118.8124850
32.0809054 118.8124852
32.0809031 118.8124855
32.0809005 118.8124861
32.0808977 118.8124866
32.0808958 118.8124871
32.0808940 118.8124875
32.0808915 118.8124880
32.0808899 118.8124885
32.0808885 118.8124887
32.0808864 118.8124892
32.0808843 118.8124896
32.0808829 118.8124899
32.0808811 118.8124903
32.0808798 118.8124906
32.0808780 118.8124909
32.0808769 118.8124910
32.0808756 118.8124911
32.0808738 118.8124914
32.0808710 118.8124918
32.0808684 118.8124923
32.0808655 118.8124929
32.0808617 118.8124937
32.0808591 118.8124946
32.0808561 118.8124953
32.0808536 118.8124960
32.0808522 118.8124966
32.0808498 118.8124973
32.0808493 118.8124974
32.0808481 118.8124976
32.0808461 118.8124978
32.0808432 118.8124984
32.0808408 118.8124987
32.0808402 118.8124988
32.0808399 118.8124988
32.0808394 118.8124987
32.0808387 118.8124985
32.0808365 118.8124987
32.0808378 118.8124986
32.0808404 118.8124984
32.0808434 118.8124982
32.0808462 118.8124981
32.0808485 118.8124981
32.0808505 118.8124983
32.0808524 118.8124984
32.0808539 118.8124986
32.0808557 118.8124987
32.0808574 118.8124987
32.0808571 118.8124988
32.0808561 118.8124990
32.0808553 118.8124990
32.0808550 118.8124992
32.0808545 118.8124992
32.0808547 118.8124991
32.0808539 118.8124992
32.0808528 118.8124994
32.0808521 118.8124996
32.0808509 118.8124999
32.0808496 118.8125001
32.0808493 118.8125004
32.0808488 118.8125006
32.0808482 118.8125009
32.0808484 118.8125009
32.0808478 118.8125011
32.0808465 118.8125016
32.0808459 118.8125022
32.0808450 118.8125027
32.0808445 118.8125030
32.0807947 118.8125080
32.0807975 118.8125077
32.0807990 118.8125078
32.0808008 118.8125079
32.0808030 118.8125083
32.0808055 118.8125085
32.0808060 118.8125083
32.0808054 118.8125082
32.0808078 118.8125083
32.0808107 118.8125090
32.0808141 118.8125097
32.0808186 118.8125103
32.0808236 118.8125103
32.0808255 118.8125101
32.0808298 118.8125099
32.0808347 118.8125096
32.0808398 118.8125092
32.0808445 118.8125090
32.0808496 118.8125090
32.0808541 118.8125091
32.0808577 118.8125092
32.0808607 118.8125094
32.0808632 118.8125092
32.0808660 118.8125091
32.0808678 118.8125090
32.0808704 118.8125090
32.0808714 118.8125091
32.0808735 118.8125094
32.0808756 118.8125099
32.0808773 118.8125105
32.0808796 118.8125111
32.0808797 118.8125116
32.0808817 118.8125124
32.0808827 118.8125130
32.0808835 118.8125134
32.0808836 118.8125140
32.0808838 118.8125146
32.0808844 118.8125152
32.0808839 118.8125155
32.0808839 118.8125156
32.0808839 118.8125159
32.0808835 118.8125159
32.0808783 118.8125156
32.0808716 118.8125154
32.0808639 118.8125153
32.0808571 118.8125153
32.0808506 118.8125150
32.0808450 118.8125145
32.0808427 118.8125142
32.0808389 118.8125135
32.0808397 118.8125130
32.0808401 118.8125126
32.0808396 118.8125124
32.0808356 118.8125121
32.0808341 118.8125121
32.0808327 118.8125121
32.0808334 118.8125119
32.0808341 118.8125115
32.0808354 118.8125111
32.0808354 118.8125110
32.0808356 118.8125108
32.0808356 118.8125110
32.0808330 118.8125112
32.0808317 118.8125115
32.0808306 118.8125116
32.0808293 118.8125116
32.0808279 118.8125116
32.0808269 118.8125115
32.0808266 118.8125113
32.0808266 118.8125112
32.0808277 118.8125109
32.0808286 118.8125105
32.0808303 118.8125099
32.0808326 118.8125093
32.0808338 118.8125091
32.0808341 118.8125091
32.0808335 118.8125091
32.0808347 118.8125091
32.0808353 118.8125090
32.0808352 118.8125088
32.0808355 118.8125088
32.0808363 118.8125087
32.0808373 118.8125085
32.0808377 118.8125085
32.0808380 118.8125087
32.0808384 118.8125088
32.0808386 118.8125088
32.0808384 118.8125092
32.0808384 118.8125095
32.0808380 118.8125099
32.0808382 118.8125105
32.0808401 118.8125111
32.0808417 118.8125113
32.0808429 118.8125112
32.0808447 118.8125113
32.0808469 118.8125108
32.0808482 118.8125105
32.0808490 118.8125102
32.0808494 118.8125101
32.0808501 118.8125100
32.0808509 118.8125100
32.0808520 118.8125102
32.0808522 118.8125105
32.0808520 118.8125108
32.0808535 118.8125110
32.0808547 118.8125109
32.0808543 118.8125109
32.0808534 118.8125111
32.0808524 118.8125115
32.0808526 118.8125121
32.0808540 118.8125127
32.0808547 118.8125134
32.0808544 118.8125139
32.0808545 118.8125140
32.0808554 118.8125140
32.0808556 118.8125142
32.0808569 118.8125142
32.0808557 118.8125144
32.0808549 118.8125145
32.0808527 118.8125152
32.0808515 118.8125158
32.0808511 118.8125162
32.0808529 118.8125165
32.0808562 118.8125169
32.0808594 118.8125172
32.0808625 118.8125169
32.0808653 118.8125168
32.0808669 118.8125168
32.0808676 118.8125167
32.0808686 118.8125164
32.0808711 118.8125163
32.0808724 118.8125164
32.0808729 118.8125160
32.0808744 118.8125160
32.0808784 118.8125165
32.0808809 118.8125172
32.0808825 118.8125178
32.0808812 118.8125182
32.0808803 118.8125182
32.0808799 118.8125183
32.0808807 118.8125180
32.0808814 118.8125178
32.0808818 118.8125180
32.0808817 118.8125181
32.0808802 118.8125184
32.0808745 118.8125182
32.0808680 118.8125177
32.0808647 118.8125177
32.0808627 118.8125177
32.0808622 118.8125178
32.0808636 118.8125173
32.0808658 118.8125166
32.0808679 118.8125158
32.0808697 118.8125151
32.0808703 118.8125144
32.0808696 118.8125139
32.0808693 118.8125140
32.0808691 118.8125141
32.0808643 118.8125139
32.0808637 118.8125138
32.0808646 118.8125137
32.0808635 118.8125140
32.0808642 118.8125142
32.0808653 118.8125143
32.0808663 118.8125145
32.0808690 118.8125148
32.0808699 118.8125143
32.0808699 118.8125132
32.0808686 118.8125120
32.0808656 118.8125107
32.0808625 118.8125098
32.0808595 118.8125089
32.0808560 118.8125077
32.0808537 118.8125067
32.0808516 118.8125057
32.0808483 118.8125049
32.0808474 118.8125045
32.0808461 118.8125042
32.0808442 118.8125039
32.0808388 118.8125029
32.0808354 118.8125020
32.0808307 118.8125009
32.0808272 118.8124999
32.0808244 118.8124994
32.0808220 118.8124989
32.0808208 118.8124983
32.0808183 118.8124981
32.0808160 118.8124979
32.0808145 118.8124977
32.0808126 118.8124973
32.0808108 118.8124971
32.0808082 118.8124972
32.0808043 118.8124970
32.0808010 118.8124969
32.0807974 118.8124968
32.0807950 118.8124969
32.0807932 118.8124970
32.0807923 118.8124968
32.0807911 118.8124965
32.0807906 118.8124963
32.0807890 118.8124962
32.0807880 118.8124960
32.0807870 118.8124957
32.0807847 118.8124954
32.0807839 118.8124953
32.0807824 118.8124951
32.0807809 118.8124952
32.0807800 118.8124952
32.0807795 118.8124952
32.0807785 118.8124951
32.0807778 118.8124951
32.0807758 118.8124950
32.0807730 118.8124952
32.0807716 118.8124951
32.0807700 118.8124951
32.0807684 118.8124951
32.0807669 118.8124952
32.0807665 118.8124953
32.0807657 118.8124953
32.0807658 118.8124952
32.0807660 118.8124953
32.0807621 118.8124949
32.0807600 118.8124945
32.0807593 118.8124942
32.0807548 118.8124936
32.0807533 118.8124933
32.0807523 118.8124929
32.0807504 118.8124925
32.0807509 118.8124923
32.0807515 118.8124925
32.0807561 118.8124928
32.0807575 118.8124928
32.0807581 118.8124928
32.0807553 118.8124928
32.0807549 118.8124927
32.0807542 118.8124924
32.0807491 118.8124920
32.0807469 118.8124917
32.0807461 118.8124919
32.0807470 118.8124920
32.0807482 118.8124922
32.0807486 118.8124921
32.0807463 118.8124920
32.0807455 118.8124918
32.0807448 118.8124912
32.0807452 118.8124906
32.0807460 118.8124901
32.0807468 118.8124899
32.0807493 118.8124897
32.0807509 118.8124896
32.0807519 118.8124895
32.0807534 118.8124896
32.0807567 118.8124901
32.0807598 118.8124905
32.0807642 118.8124905
32.0807675 118.8124901
32.0807696 118.8124898
32.0807718 118.8124894
32.0807736 118.8124890
32.0807746 118.8124884
32.0807760 118.8124879
32.0807769 118.8124874
32.0807783 118.8124873
32.0807798 118.8124869
32.0807808 118.8124864
32.0807809 118.8124860
32.0807825 118.8124856
32.0807833 118.8124851
32.0807837 118.8124846
32.0807840 118.8124840
32.0807835 118.8124834
32.0807827 118.8124830
32.0807802 118.8124827
32.0807785 118.8124821
32.0807783 118.8124817
32.0807771 118.8124811
32.0807752 118.8124806
32.0807736 118.8124800
32.0807723 118.8124797
32.0807714 118.8124792
32.0807710 118.8124789
32.0807710 118.8124785
32.0807699 118.8124780
32.0807686 118.8124773
32.0807671 118.8124770
32.0807663 118.8124768
32.0807647 118.8124766
32.0807637 118.8124766
32.0807632 118.8124766
32.0807622 118.8124764
32.0807614 118.8124766
32.0807602 118.8124765
32.0807586 118.8124764
32.0807570 118.8124764
32.0807558 118.8124765
32.0807546 118.8124765
32.0807541 118.8124766
32.0807539 118.8124767
32.0807536 118.8124768
32.0807515 118.8124770
32.0807486 118.8124768
32.0807459 118.8124762
32.0807433 118.8124760
32.0807401 118.8124759
32.0807371 118.8124755
32.0807335 118.8124753
32.0807300 118.8124751
32.0807266 118.8124746
32.0807219 118.8124747
32.0807198 118.8124747
32.0807177 118.8124749
32.0807161 118.8124748
32.0807148 118.8124746
32.0807120 118.8124740
32.0807081 118.8124734
32.0807056 118.8124731
32.0807037 118.8124728
32.0807029 118.8124730
32.0807025 118.8124731
32.0807022 118.8124732
32.0807035 118.8124730
32.0807043 118.8124733
32.0807049 118.8124737
32.0807050 118.8124741
32.0807047 118.8124745
32.0807046 118.8124746
32.0807030 118.8124745
32.0807015 118.8124744
32.0807009 118.8124743
32.0807006 118.8124747
32.0807012 118.8124751
32.0807016 118.8124757
32.0807020 118.8124763
32.0807032 118.8124767
32.0807045 118.8124767
32.0807030 118.8124771
32.0807024 118.8124772
32.0807012 118.8124773
32.0807011 118.8124770
32.0806980 118.8124781
32.0806927 118.8124792
32.0806862 118.8124802
32.0806813 118.8124803
32.0806794 118.8124796
32.0806782 118.8124793
32.0806760 118.8124795
32.0806661 118.8124792
32.0806607 118.8124791
32.0806585 118.8124790
32.0806567 118.8124789
32.0806542 118.8124794
32.0806525 118.8124798
32.0806517 118.8124799
32.0806502 118.8124802
32.0806506 118.8124802
32.0806516 118.8124797
32.0806522 118.8124791
32.0806530 118.8124785
32.0806538 118.8124780
32.0806559 118.8124774
32.0806582 118.8124769
32.0806614 118.8124761
32.0806641 118.8124758
32.0806683 118.8124753
32.0806710 118.8124755
32.0806726 118.8124756
32.0806744 118.8124756
32.0806754 118.8124756
32.0806768 118.8124755
32.0806780 118.8124754
32.0806792 118.8124755
32.0806809 118.8124757
32.0806837 118.8124756
32.0806864 118.8124756
32.0806884 118.8124757
32.0806917 118.8124757
32.0806959 118.8124754
32.0806990 118.8124754
32.0807014 118.8124756
32.0807042 118.8124755
32.0807055 118.8124758
32.0807070 118.8124765
32.0807083 118.8124773
32.0807097 118.8124784
32.0807113 118.8124792
32.0807143 118.8124795
32.0807166 118.8124799
32.0807183 118.8124806
32.0807200 118.8124811
32.0807214 118.8124816
32.0807235 118.8124819
32.0807254 118.8124816
32.0807284 118.8124815
32.0807318 118.8124816
32.0807336 118.8124817
32.0807360 118.8124819
32.0807385 118.8124820
32.0807395 118.8124822
32.0807404 118.8124825
32.0807428 118.8124825
32.0807450 118.8124826
32.0807476 118.8124827
32.0807503 118.8124828
32.0807539 118.8124824
32.0807572 118.8124818
32.0807603 118.8124816
32.0807618 118.8124819
32.0807634 118.8124822
32.0807651 118.8124825
32.0807665 118.8124830
32.0807672 118.8124837
32.0807688 118.8124844
32.0807710 118.8124847
32.0807722 118.8124847
32.0807736 118.8124848
32.0807748 118.8124849
32.0807753 118.8124851
32.0807755 118.8124854
32.0807755 118.8124859
32.0807755 118.8124865
32.0807748 118.8124871
32.0807740 118.8124876
32.0807744 118.8124880
32.0807752 118.8124880
32.0807751 118.8124878
32.0807738 118.8124878
32.0807725 118.8124878
32.0807708 118.8124879
32.0807680 118.8124879
32.0807572 118.8124863
32.0807575 118.8124862
32.0807588 118.8124860
32.0807604 118.8124861
32.0807618 118.8124865
32.0807627 118.8124867
32.0807626 118.8124871
32.0807619 118.8124875
32.0807610 118.8124878
32.0807603 118.8124883
32.0807594 118.8124887
32.0807600 118.8124891
32.0807602 118.8124894
32.0807604 118.8124896
32.0807614 118.8124899
32.0807618 118.8124899
32.0807624 118.8124902
32.0807618 118.8124907
32.0807607 118.8124914
32.0807597 118.8124920
32.0807597 118.8124923
32.0807605 118.8124927
32.0807599 118.8124927
32.0807590 118.8124928
32.0807579 118.8124928
32.0807568 118.8124929
32.0807552 118.8124931
32.0807533 118.8124933
32.0807516 118.8124933
32.0807500 118.8124934
32.0807488 118.8124933
32.0807476 118.8124933
32.0807463 118.8124934
32.0807449 118.8124935
32.0807454 118.8124934
32.0807465 118.8124934
32.0807476 118.8124933
32.0807486 118.8124932
32.0807490 118.8124933
32.0807492 118.8124934
32.0807499 118.8124935
32.0807498 118.8124936
32.0807486 118.8124938
32.0807469 118.8124940
32.0807455 118.8124942
32.0807442 118.8124943
32.0807428 118.8124945
32.0807423 118.8124944
32.0807422 118.8124943
32.0807428 118.8124940
32.0807421 118.8124940
32.0807422 118.8124937
32.0807421 118.8124936
32.0807428 118.8124934
32.0807437 118.8124934
32.0807439 118.8124934
32.0807438 118.8124934
32.0807444 118.8124933
32.0807451 118.8124934
32.0807445 118.8124939
32.0807445 118.8124943
32.0807437 118.8124949
32.0807451 118.8124950
32.0807461 118.8124952
32.0807465 118.8124956
32.0807467 118.8124961
32.0807471 118.8124967
32.0807480 118.8124971
32.0807485 118.8124972
32.0807488 118.8124973
32.0807491 118.8124974
32.0807490 118.8124976
32.0807491 118.8124982
32.0807486 118.8124988
32.0807477 118.8124995
32.0807472 118.8125001
32.0807464 118.8125009
32.0807456 118.8125019
32.0807456 118.8125025
32.0807457 118.8125027
32.0807461 118.8125026
32.0807462 118.8125026
32.0807461 118.8125025
32.0807468 118.8125024
32.0807465 118.8125024
32.0807459 118.8125026
32.0807463 118.8125026
32.0807471 118.8125025
32.0807486 118.8125025
32.0807499 118.8125023
32.0807514 118.8125023
32.0807530 118.8125024
32.0807536 118.8125026
32.0807547 118.8125029
32.0807573 118.8125029
32.0807597 118.8125026
32.0807619 118.8125026
32.0807635 118.8125028
32.0807642 118.8125032
32.0807651 118.8125034
32.0807668 118.8125034
32.0807684 118.8125033
32.0807693 118.8125034
32.0807700 118.8125035
32.0807704 118.8125037
32.0807707 118.8125040
32.0807717 118.8125042
32.0807722 118.8125046
32.0807733 118.8125046
32.0807734 118.8125047
32.0807730 118.8125049
32.0807729 118.8125051
32.0807739 118.8125052
32.0807747 118.8125052
32.0807757 118.8125051
32.0807769 118.8125049
32.0807771 118.8125049
32.0807766 118.8125050
32.0807768 118.8125050
32.0807769 118.8125049
32.0807774 118.8125043
32.0807794 118.8125036
32.0807803 118.8125031
32.0807813 118.8125028
32.0807825 118.8125023
32.0807830 118.8125021
32.0807836 118.8125020
32.0807836 118.8125018
32.0807845 118.8125017
32.0807845 118.8125016
32.0807844 118.8125015
32.0807848 118.8125014
32.0807859 118.8125015
32.0807870 118.8125014
32.0807879 118.8125013
32.0807892 118.8125016
32.0807908 118.8125019
32.0807932 118.8125019
32.0807953 118.8125019
32.0807964 118.8125021
32.0807968 118.8125021
32.0807967 118.8125019
32.0807969 118.8125017
32.0807963 118.8125015
32.0807966 118.8125011
32.0807967 118.8125008
32.0807978 118.8125006
32.0807995 118.8125002
32.0808002 118.8125000
32.0808006 118.8125001
32.0808016 118.8125000
32.0808012 118.8125001
32.0808003 118.8125004
32.0807995 118.8125006
32.0808002 118.8125004
32.0808014 118.8125002
32.0808029 118.8125001
32.0808037 118.8125000
32.0808043 118.8125002
32.0808053 118.8125003
32.0808056 118.8125004
32.0808059 118.8125007
32.0808068 118.8125010
32.0808071 118.8125012
32.0808071 118.8125014
32.0808086 118.8125014
