32.0808142 118.8124573
32.0808140 118.8124583
32.0808130 118.8124590
32.0808130 118.8124595
32.0808132 118.8124602
32.0808125 118.8124605
32.0808115 118.8124603
32.0808092 118.8124608
32.0808080 118.8124610
32.0808068 118.8124613
32.0808052 118.8124618
32.0808038 118.8124607
32.0808037 118.8124600
32.0808012 118.8124597
32.0807995 118.8124600
32.0807988 118.8124605
32.0807962 118.8124607
32.0807952 118.8124607
32.0807937 118.8124610
32.0807912 118.8124617
32.0807877 118.8124623
32.0807847 118.8124625
32.0807827 118.8124627
32.0807832 118.8124625
32.0807825 118.8124627
32.0807815 118.8124630
32.0807813 118.8124628
32.0807817 118.8124625
32.0807808 118.8124625
32.0807803 118.8124628
32.0807803 118.8124625
32.0807795 118.8124627
32.0807793 118.8124630
32.0807797 118.8124633
32.0807795 118.8124633
32.0807795 118.8124633
32.0807783 118.8124635
32.0807793 118.8124638
32.0807790 118.8124645
32.0807795 118.8124643
32.0807778 118.8124645
32.0807775 118.8124650
32.0807767 118.8124663
32.0807773 118.8124668
32.0807780 118.8124672
32.0807800 118.8124677
32.0807803 118.8124687
32.0807792 118.8124698
32.0807802 118.8124702
32.0807807 118.8124705
32.0807822 118.8124712
32.0807825 118.8124710
32.0807845 118.8124712
32.0807872 118.8124708
32.0807903 118.8124708
32.0807917 118.8124707
32.0807938 118.8124707
32.0807947 118.8124707
32.0807950 118.8124705
32.0807975 118.8124688
32.0808005 118.8124683
32.0808017 118.8124682
32.0808032 118.8124682
32.0808042 118.8124680
32.0808027 118.8124688
32.0808030 118.8124685
32.0808015 118.8124687
32.0808030 118.8124683
32.0808040 118.8124683
32.0808045 118.8124680
32.0808052 118.8124678
32.0808068 118.8124672
32.0808060 118.8124672
32.0808078 118.8124665
32.0808087 118.8124662
32.0808093 118.8124655
32.0808110 118.8124648
32.0808132 118.8124643
32.0808137 118.8124640
32.0808153 118.8124632
32.0808167 118.8124623
32.0808170 118.8124622
32.0808175 118.8124620
32.0808183 118.8124615
32.0808205 118.8124608
32.0808215 118.8124605
32.0808213 118.8124600
32.0808227 118.8124595
32.0808220 118.8124595
32.0808212 118.8124590
32.0808212 118.8124583
32.0808205 118.8124585
32.0808222 118.8124580
32.0808227 118.8124582
32.0808232 118.8124580
32.0808233 118.8124578
32.0808283 118.8124567
32.0808308 118.8124560
32.0808332 118.8124555
32.0808350 118.8124548
32.0808365 118.8124547
32.0808382 118.8124547
32.0808390 118.8124548
32.0808408 118.8124543
32.0808423 118.8124538
32.0808450 118.8124528
32.0808452 118.8124528
32.0808492 118.8124527
32.0808537 118.8124517
32.0808580 118.8124508
32.0808610 118.8124508
32.0808657 118.8124502
32.0808695 118.8124493
32.0808722 118.8124492
32.0808762 118.8124485
32.0808780 118.8124485
32.0808802 118.8124483
32.0808840 118.8124487
32.0808848 118.8124498
32.0808860 118.8124503
32.0808877 118.8124503
32.0808907 118.8124502
32.0808938 118.8124492
32.0808972 118.8124487
32.0809008 118.8124477
32.0809030 118.8124473
32.0809050 118.8124468
32.0809068 118.8124467
32.0809085 118.8124465
32.0809098 118.8124463
32.0809127 118.8124455
32.0809153 118.8124440
32.0809172 118.8124437
32.0809168 118.8124442
32.0809187 118.8124440
32.0809207 118.8124440
32.0809228 118.8124435
32.0809242 118.8124433
32.0809252 118.8124437
32.0809260 118.8124435
32.0809260 118.8124440
32.0809265 118.8124445
32.0809287 118.8124440
32.0809315 118.8124432
32.0809343 118.8124427
32.0809367 118.8124425
32.0809383 118.8124425
32.0809390 118.8124425
32.0809407 118.8124418
32.0809428 118.8124412
32.0809442 118.8124408
32.0809447 118.8124415
32.0809485 118.8124405
32.0809510 118.8124397
32.0809535 118.8124393
32.0809567 118.8124388
32.0809597 118.8124380
32.0809620 118.8124375
32.0809648 118.8124370
32.0809657 118.8124372
32.0809672 118.8124373
32.0809697 118.8124370
32.0809703 118.8124368
32.0809713 118.8124362
32.0809743 118.8124350
32.0809760 118.8124348
32.0809768 118.8124343
32.0809768 118.8124343
32.0809787 118.8124338
32.0809792 118.8124340
32.0809800 118.8124337
32.0809810 118.8124340
32.0809812 118.8124338
32.0809813 118.8124342
32.0809818 118.8124343
32.0809833 118.8124342
32.0809852 118.8124337
32.0809825 118.8124348
32.0809837 118.8124348
32.0809842 118.8124350
32.0809842 118.8124355
32.0809850 118.8124353
32.0809858 118.8124353
32.0809860 118.8124360
32.0809877 118.8124357
32.0809880 118.8124360
32.0809877 118.8124368
32.0809893 118.8124367
32.0809888 118.8124375
32.0809893 118.8124378
32.0809897 118.8124383
32.0809910 118.8124387
32.0809897 118.8124390
32.0809910 118.8124388
32.0809895 118.8124395
32.0809908 118.8124395
32.0809922 118.8124385
32.0809922 118.8124383
32.0809928 118.8124380
32.0809932 118.8124375
32.0809932 118.8124375
32.0809950 118.8124367
32.0809960 118.8124362
32.0809965 118.8124362
32.0809982 118.8124350
32.0809980 118.8124348
32.0810007 118.8124333
32.0810012 118.8124327
32.0810012 118.8124323
32.0810020 118.8124322
32.0810025 118.8124318
32.0810033 118.8124315
32.0810037 118.8124313
32.0810023 118.8124322
32.0810038 118.8124313
32.0810043 118.8124312
32.0810045 118.8124312
32.0810085 118.8124297
32.0810098 118.8124293
32.0810123 118.8124282
32.0810137 118.8124277
32.0810158 118.8124268
32.0810192 118.8124258
32.0810225 118.8124243
32.0810240 118.8124237
32.0810272 118.8124223
32.0810295 118.8124217
32.0810292 118.8124220
32.0810297 118.8124215
32.0810310 118.8124212
32.0810312 118.8124212
32.0810310 118.8124213
32.0810313 118.8124215
32.0810308 118.8124218
32.0810310 118.8124220
32.0810317 118.8124220
32.0810313 118.8124223
32.0810323 118.8124225
32.0810348 118.8124215
32.0810337 118.8124222
32.0810350 118.8124217
32.0810342 118.8124222
32.0810342 118.8124227
32.0810340 118.8124227
32.0810340 118.8124228
32.0810353 118.8124227
32.0810348 118.8124228
32.0810360 118.8124227
32.0810360 118.8124225
32.0810368 118.8124227
32.0810378 118.8124223
32.0810383 118.8124223
32.0810388 118.8124223
32.0810403 118.8124215
32.0810400 118.8124218
32.0810405 118.8124212
32.0810417 118.8124207
32.0810415 118.8124208
32.0810417 118.8124212
32.0810423 118.8124213
32.0810425 118.8124218
32.0810422 118.8124218
32.0810432 118.8124215
32.0810422 118.8124215
32.0810412 118.8124218
32.0810400 118.8124220
32.0810415 118.8124215
32.0810400 118.8124220
32.0810407 118.8124217
32.0810440 118.8124205
32.0810445 118.8124205
32.0810450 118.8124202
32.0810442 118.8124200
32.0810438 118.8124202
32.0810418 118.8124208
32.0810412 118.8124212
32.0810420 118.8124210
32.0810418 118.8124212
32.0810393 118.8124227
32.0810378 118.8124240
32.0810383 118.8124245
32.0810405 118.8124240
32.0810397 118.8124247
32.0810397 118.8124248
32.0810397 118.8124253
32.0810388 118.8124262
32.0810395 118.8124260
32.0810388 118.8124265
32.0810387 118.8124265
32.0810385 118.8124270
32.0810373 118.8124277
32.0810378 118.8124273
32.0810365 118.8124277
32.0810367 118.8124278
32.0810370 118.8124277
32.0810370 118.8124275
32.0810365 118.8124278
32.0810363 118.8124280
32.0810368 118.8124275
32.0810383 118.8124270
32.0810385 118.8124265
32.0810395 118.8124262
32.0810390 118.8124263
32.0810388 118.8124263
32.0810385 118.8124263
32.0810385 118.8124263
32.0810382 118.8124265
32.0810390 118.8124262
32.0810412 118.8124250
32.0810417 118.8124242
32.0810403 118.8124247
32.0810393 118.8124252
32.0810390 118.8124255
32.0810363 118.8124272
32.0810368 118.8124267
32.0810358 118.8124272
32.0810353 118.8124272
32.0810343 118.8124277
32.0810335 118.8124285
32.0810328 118.8124292
32.0810333 118.8124293
32.0810343 118.8124290
32.0810358 118.8124285
32.0810363 118.8124278
32.0810342 118.8124292
32.0810342 118.8124290
32.0810340 118.8124292
32.0810347 118.8124287
32.0810347 118.8124288
32.0810357 118.8124282
32.0810387 118.8124270
32.0810415 118.8124257
32.0810422 118.8124255
32.0810435 118.8124245
32.0810452 118.8124243
32.0810453 118.8124242
32.0810467 118.8124230
32.0810465 118.8124230
32.0810465 118.8124230
32.0810453 118.8124235
32.0810458 118.8124235
32.0810452 118.8124237
32.0810452 118.8124237
32.0810472 118.8124230
32.0810472 118.8124230
32.0810497 118.8124220
32.0810517 118.8124212
32.0810515 118.8124210
32.0810518 118.8124208
32.0810520 118.8124205
32.0810527 118.8124202
32.0810547 118.8124190
32.0810558 118.8124185
32.0810592 118.8124173
32.0810592 118.8124172
32.0810598 118.8124167
32.0810612 118.8124160
32.0810617 118.8124152
32.0810618 118.8124148
32.0810632 118.8124142
32.0810633 118.8124140
32.0810645 118.8124137
32.0810663 118.8124130
32.0810670 118.8124127
32.0810675 118.8124127
32.0810680 118.8124127
32.0810703 118.8124118
32.0810720 118.8124112
32.0810725 118.8124112
32.0810725 118.8124112
32.0810743 118.8124102
32.0810752 118.8124100
32.0810755 118.8124102
32.0810757 118.8124102
32.0810767 118.8124097
32.0810753 118.8124103
32.0810757 118.8124103
32.0810757 118.8124102
32.0810752 118.8124098
32.0810762 118.8124090
32.0810767 118.8124088
32.0810773 118.8124082
32.0810767 118.8124082
32.0810747 118.8124093
32.0810715 118.8124107
32.0810685 118.8124122
32.0810673 118.8124128
32.0810675 118.8124128
32.0810660 118.8124135
32.0810628 118.8124148
32.0810615 118.8124157
32.0810607 118.8124160
32.0810600 118.8124162
32.0810593 118.8124165
32.0810588 118.8124168
32.0810595 118.8124163
32.0810593 118.8124168
32.0810597 118.8124168
32.0810597 118.8124170
32.0810588 118.8124177
32.0810595 118.8124172
32.0810580 118.8124182
32.0810587 118.8124178
32.0810582 118.8124180
32.0810585 118.8124178
32.0810572 118.8124185
32.0810567 118.8124185
32.0810538 118.8124200
32.0810528 118.8124202
32.0810523 118.8124203
32.0810535 118.8124200
32.0810533 118.8124203
32.0810542 118.8124205
32.0810543 118.8124207
32.0810540 118.8124207
32.0810543 118.8124203
32.0810543 118.8124205
32.0810538 118.8124207
32.0810532 118.8124215
32.0810535 118.8124217
32.0810522 118.8124225
32.0810537 118.8124217
32.0810530 118.8124218
32.0810525 118.8124220
32.0810532 118.8124215
32.0810532 118.8124215
32.0810532 118.8124215
32.0810542 118.8124212
32.0810552 118.8124202
32.0810562 118.8124195
32.0810542 118.8124203
32.0810552 118.8124200
32.0810572 118.8124187
32.0810583 118.8124182
32.0810562 118.8124200
32.0808947 118.8125120
32.0808945 118.8125122
32.0808935 118.8125132
32.0808927 118.8125140
32.0808932 118.8125137
32.0808932 118.8125135
32.0808930 118.8125135
32.0808920 118.8125137
32.0808922 118.8125135
32.0808933 118.8125133
32.0808942 118.8125133
32.0808957 118.8125127
32.0808957 118.8125125
32.0808955 118.8125127
32.0808945 118.8125132
32.0808947 118.8125132
32.0808948 118.8125132
32.0808953 118.8125133
32.0808952 118.8125133
32.0808950 118.8125133
32.0808953 118.8125133
32.0808940 118.8125137
32.0808928 118.8125142
32.0808930 118.8125140
32.0808923 118.8125143
32.0808918 118.8125152
32.0808915 118.8125150
32.0808903 118.8125153
32.0808895 118.8125157
32.0808337 118.8125443
32.0808327 118.8125448
32.0808327 118.8125455
32.0808335 118.8125453
32.0808338 118.8125455
32.0808347 118.8125453
32.0808360 118.8125443
32.0808372 118.8125437
32.0808385 118.8125433
32.0808390 118.8125432
32.0808400 118.8125425
32.0808408 118.8125422
32.0808418 118.8125417
32.0808428 118.8125415
32.0808432 118.8125415
32.0808437 118.8125412
32.0808442 118.8125410
32.0808457 118.8125403
32.0808467 118.8125398
32.0808218 118.8125337
32.0808213 118.8125340
32.0808212 118.8125345
32.0808203 118.8125345
32.0808198 118.8125350
32.0808197 118.8125348
32.0808202 118.8125347
32.0808195 118.8125345
32.0808195 118.8125343
32.0808200 118.8125343
32.0808195 118.8125343
32.0808193 118.8125347
32.0808190 118.8125353
32.0808183 118.8125360
32.0808177 118.8125367
32.0808180 118.8125373
32.0808188 118.8125377
32.0808190 118.8125378
32.0808192 118.8125380
32.0808205 118.8125382
32.0808207 118.8125380
32.0808210 118.8125380
32.0808200 118.8125380
32.0808198 118.8125382
32.0808193 118.8125380
32.0808193 118.8125382
32.0808195 118.8125383
32.0808198 118.8125380
32.0808195 118.8125378
32.0808202 118.8125375
32.0808208 118.8125373
32.0808225 118.8125372
32.0808228 118.8125370
32.0808235 118.8125370
32.0808223 118.8125370
32.0808207 118.8125367
32.0808207 118.8125365
32.0808213 118.8125365
32.0808215 118.8125363
32.0808213 118.8125360
32.0808217 118.8125360
32.0808213 118.8125357
32.0808207 118.8125355
32.0808208 118.8125353
32.0808208 118.8125352
32.0808203 118.8125352
32.0808203 118.8125348
32.0808205 118.8125347
32.0808202 118.8125343
32.0808193 118.8125340
32.0808203 118.8125335
32.0808197 118.8125328
32.0808195 118.8125325
32.0808197 118.8125318
32.0808195 118.8125313
32.0808188 118.8125313
32.0808190 118.8125312
32.0808192 118.8125307
32.0808193 118.8125302
32.0808195 118.8125298
32.0808198 118.8125297
32.0808200 118.8125293
32.0808203 118.8125288
32.0808208 118.8125283
32.0808212 118.8125278
32.0808212 118.8125277
32.0808203 118.8125277
32.0808203 118.8125275
32.0808212 118.8125272
32.0808203 118.8125272
32.0808200 118.8125273
32.0808195 118.8125272
32.0808203 118.8125270
32.0808212 118.8125270
32.0808220 118.8125267
32.0808210 118.8125267
32.0808222 118.8125265
32.0808225 118.8125267
32.0808228 118.8125267
32.0808233 118.8125267
32.0808232 118.8125267
32.0808235 118.8125268
32.0808238 118.8125270
32.0808250 118.8125270
32.0808253 118.8125272
32.0808252 118.8125273
32.0808250 118.8125275
32.0808253 118.8125278
32.0808263 118.8125283
32.0808270 118.8125288
32.0808265 118.8125293
32.0808262 118.8125295
32.0808262 118.8125298
32.0808263 118.8125300
32.0808267 118.8125302
32.0808268 118.8125300
32.0808267 118.8125300
32.0808257 118.8125298
32.0808252 118.8125297
32.0808253 118.8125295
32.0808245 118.8125292
32.0808242 118.8125288
32.0808243 118.8125288
32.0808242 118.8125287
32.0808232 118.8125288
32.0808238 118.8125287
32.0808250 118.8125287
32.0808257 118.8125283
32.0808255 118.8125282
32.0808247 118.8125280
32.0808250 118.8125277
32.0808258 118.8125277
32.0808257 118.8125277
32.0808253 118.8125278
32.0808252 118.8125280
32.0808243 118.8125280
32.0808238 118.8125282
32.0808233 118.8125283
32.0808222 118.8125283
32.0808217 118.8125285
32.0808222 118.8125285
32.0808213 118.8125287
32.0808203 118.8125288
32.0808202 118.8125285
32.0808205 118.8125287
32.0808205 118.8125287
32.0808207 118.8125285
32.0808197 118.8125285
32.0808195 118.8125285
32.0808187 118.8125287
32.0808177 118.8125287
32.0808165 118.8125287
32.0808163 118.8125285
32.0808142 118.8125282
32.0808137 118.8125280
32.0808132 118.8125280
32.0808127 118.8125277
32.0808122 118.8125280
32.0808115 118.8125280
32.0808113 118.8125280
32.0808110 118.8125282
32.0808108 118.8125282
32.0808108 118.8125282
32.0808098 118.8125283
32.0808092 118.8125287
32.0808085 118.8125290
32.0808088 118.8125288
32.0808087 118.8125288
32.0808090 118.8125287
32.0808090 118.8125285
32.0808090 118.8125285
32.0808080 118.8125285
32.0808072 118.8125285
32.0808060 118.8125288
32.0808047 118.8125292
32.0808040 118.8125293
32.0808035 118.8125295
32.0808027 118.8125297
32.0808028 118.8125297
32.0808032 118.8125297
32.0808038 118.8125295
32.0808048 118.8125295
32.0808057 118.8125297
32.0808047 118.8125302
32.0808045 118.8125302
32.0808048 118.8125302
32.0808055 118.8125302
32.0808062 118.8125303
32.0808058 118.8125303
32.0808045 118.8125307
32.0808037 118.8125308
32.0808037 118.8125307
32.0808025 118.8125310
32.0808012 118.8125313
32.0808003 118.8125315
32.0807998 118.8125315
32.0807997 118.8125312
32.0807993 118.8125312
32.0807987 118.8125312
32.0807988 118.8125308
32.0807987 118.8125307
32.0807982 118.8125308
32.0807978 118.8125308
32.0807990 118.8125303
32.0807987 118.8125303
32.0807990 118.8125302
32.0807992 118.8125300
32.0807993 118.8125298
32.0807987 118.8125300
32.0807992 118.8125298
32.0807992 118.8125300
32.0807988 118.8125298
32.0807980 118.8125302
32.0807972 118.8125302
32.0807968 118.8125303
32.0807965 118.8125305
32.0807968 118.8125305
32.0807968 118.8125307
32.0807965 118.8125310
32.0807972 118.8125308
32.0807970 118.8125308
32.0807968 118.8125310
32.0807962 118.8125310
32.0807968 118.8125310
32.0807965 118.8125312
32.0807958 118.8125317
32.0807950 118.8125325
32.0807950 118.8125328
32.0807958 118.8125328
32.0807968 118.8125327
32.0807970 118.8125328
32.0807978 118.8125328
32.0807985 118.8125328
32.0807985 118.8125330
32.0807998 118.8125328
32.0808010 118.8125325
32.0808012 118.8125323
32.0808012 118.8125325
32.0808015 118.8125325
32.0808010 118.8125328
32.0808002 118.8125332
32.0807998 118.8125333
32.0807990 118.8125335
32.0807985 118.8125338
32.0807995 118.8125335
32.0807985 118.8125340
32.0807975 118.8125347
32.0807973 118.8125352
32.0807970 118.8125355
32.0807952 118.8125363
32.0807945 118.8125368
32.0807938 118.8125370
32.0807935 118.8125372
32.0807937 118.8125370
32.0807947 118.8125367
32.0807943 118.8125368
32.0807943 118.8125368
32.0807945 118.8125368
32.0807937 118.8125375
32.0807935 118.8125377
32.0807932 118.8125377
32.0807917 118.8125380
32.0807908 118.8125382
32.0807895 118.8125385
32.0807873 118.8125390
32.0807872 118.8125390
32.0807870 118.8125388
32.0807868 118.8125387
32.0807863 118.8125387
32.0807860 118.8125385
32.0807880 118.8125372
32.0807885 118.8125368
32.0807875 118.8125368
32.0807877 118.8125365
32.0807877 118.8125367
32.0807875 118.8125368
32.0807877 118.8125365
32.0807877 118.8125365
32.0807865 118.8125368
32.0807867 118.8125365
32.0807877 118.8125360
32.0807875 118.8125358
32.0807878 118.8125353
32.0807887 118.8125348
32.0807880 118.8125348
32.0807892 118.8125347
32.0807893 118.8125347
32.0807893 118.8125348
32.0807892 118.8125345
32.0807883 118.8125345
32.0807882 118.8125340
32.0807880 118.8125340
32.0807888 118.8125333
32.0807893 118.8125333
32.0807885 118.8125335
32.0807887 118.8125335
32.0807875 118.8125340
32.0807872 118.8125340
32.0807862 118.8125338
32.0807853 118.8125340
32.0807852 118.8125338
32.0807850 118.8125337
32.0807857 118.8125337
32.0807855 118.8125337
32.0807857 118.8125337
32.0807853 118.8125335
32.0807850 118.8125335
32.0807850 118.8125335
32.0807847 118.8125333
32.0807840 118.8125333
32.0807832 118.8125330
32.0807822 118.8125328
32.0807820 118.8125323
32.0807817 118.8125322
32.0807813 118.8125322
32.0807803 118.8125325
32.0807803 118.8125328
32.0807813 118.8125327
32.0807820 118.8125328
32.0807812 118.8125330
32.0807812 118.8125327
32.0807812 118.8125327
32.0807818 118.8125327
32.0807813 118.8125328
32.0807817 118.8125327
32.0807823 118.8125323
32.0807827 118.8125323
32.0807820 118.8125325
32.0807820 118.8125325
32.0807820 118.8125323
32.0807813 118.8125323
32.0807805 118.8125323
32.0807807 118.8125320
32.0807795 118.8125327
32.0807788 118.8125328
32.0807782 118.8125330
32.0807763 118.8125333
32.0807753 118.8125333
32.0807743 118.8125338
32.0807738 118.8125337
32.0807740 118.8125335
32.0807738 118.8125333
32.0807730 118.8125335
32.0807727 118.8125335
32.0807730 118.8125335
32.0807738 118.8125332
32.0807742 118.8125328
32.0807747 118.8125327
32.0807742 118.8125330
32.0807748 118.8125330
32.0807753 118.8125332
32.0807753 118.8125333
32.0807760 118.8125332
32.0807757 118.8125332
32.0807758 118.8125335
32.0807753 118.8125338
32.0807748 118.8125340
32.0807752 118.8125342
32.0807750 118.8125343
32.0807747 118.8125342
32.0807752 118.8125338
32.0807752 118.8125338
32.0807753 118.8125337
32.0807760 118.8125333
32.0807763 118.8125330
32.0807760 118.8125330
32.0807765 118.8125328
32.0807758 118.8125332
32.0807733 118.8125340
32.0807727 118.8125340
32.0807730 118.8125340
32.0807735 118.8125340
32.0807735 118.8125342
32.0807732 118.8125343
32.0807727 118.8125345
32.0807727 118.8125343
32.0807723 118.8125343
32.0807717 118.8125345
32.0807703 118.8125347
32.0807693 118.8125348
32.0807675 118.8125352
32.0807662 118.8125355
32.0807662 118.8125350
32.0807670 118.8125348
32.0807675 118.8125345
32.0807675 118.8125340
32.0807680 118.8125335
32.0807678 118.8125330
32.0807678 118.8125325
32.0807675 118.8125328
32.0807680 118.8125325
32.0807690 118.8125325
32.0807688 118.8125325
32.0807688 118.8125325
32.0807700 118.8125322
32.0807717 118.8125317
32.0807730 118.8125310
32.0807735 118.8125308
32.0807747 118.8125303
32.0807753 118.8125302
32.0807760 118.8125298
32.0807767 118.8125295
32.0807773 118.8125293
32.0807773 118.8125290
32.0807780 118.8125287
32.0807783 118.8125282
32.0807792 118.8125278
32.0807805 118.8125273
32.0807815 118.8125270
32.0807828 118.8125270
32.0807843 118.8125272
32.0807847 118.8125270
32.0807850 118.8125268
32.0807850 118.8125270
32.0807852 118.8125268
32.0807855 118.8125270
32.0807857 118.8125268
32.0807853 118.8125265
32.0807848 118.8125267
32.0807853 118.8125265
32.0807855 118.8125263
32.0807857 118.8125263
32.0807850 118.8125265
32.0807842 118.8125267
32.0807837 118.8125268
32.0807828 118.8125268
32.0807813 118.8125268
32.0807812 118.8125268
32.0807807 118.8125272
32.0807807 118.8125273
32.0807802 118.8125277
32.0807795 118.8125278
32.0807788 118.8125278
32.0807780 118.8125280
32.0807775 118.8125280
32.0807770 118.8125280
32.0807770 118.8125277
32.0807760 118.8125278
32.0807767 118.8125280
32.0807768 118.8125278
32.0807762 118.8125280
32.0807758 118.8125283
32.0807755 118.8125283
32.0807750 118.8125285
32.0807737 118.8125288
32.0807737 118.8125288
32.0807732 118.8125290
32.0807718 118.8125290
32.0807705 118.8125292
32.0807708 118.8125292
32.0807700 118.8125293
32.0807695 118.8125295
32.0807687 118.8125298
32.0807677 118.8125302
32.0807663 118.8125300
32.0807662 118.8125297
32.0807657 118.8125295
32.0807638 118.8125300
32.0807630 118.8125305
32.0807625 118.8125307
32.0807622 118.8125307
32.0807622 118.8125308
32.0807608 118.8125312
32.0807598 118.8125313
32.0807583 118.8125318
32.0807570 118.8125320
32.0807555 118.8125323
32.0807547 118.8125328
32.0807528 118.8125335
32.0807517 118.8125342
32.0807513 118.8125345
32.0807507 118.8125347
32.0807500 118.8125348
32.0807500 118.8125350
32.0807502 118.8125350
32.0807502 118.8125348
32.0807505 118.8125348
32.0807502 118.8125348
32.0807495 118.8125348
32.0807492 118.8125350
32.0807492 118.8125352
32.0807495 118.8125350
32.0807502 118.8125350
32.0807507 118.8125348
32.0807507 118.8125350
32.0807513 118.8125350
32.0807520 118.8125345
32.0807517 118.8125343
32.0807517 118.8125342
32.0807517 118.8125342
32.0807505 118.8125338
32.0807508 118.8125335
32.0807508 118.8125332
32.0807508 118.8125330
32.0807513 118.8125327
32.0807520 118.8125322
32.0807523 118.8125318
32.0807528 118.8125317
32.0807545 118.8125313
32.0807563 118.8125312
32.0807572 118.8125310
32.0807577 118.8125308
32.0807577 118.8125307
32.0807583 118.8125307
32.0807588 118.8125307
32.0807588 118.8125307
32.0807593 118.8125307
32.0807597 118.8125308
32.0807598 118.8125310
32.0807600 118.8125308
32.0807602 118.8125305
32.0807605 118.8125303
32.0807610 118.8125302
32.0807617 118.8125298
32.0807620 118.8125300
32.0807613 118.8125300
32.0807608 118.8125297
32.0807602 118.8125295
32.0807605 118.8125298
32.0807607 118.8125300
32.0807617 118.8125305
32.0807623 118.8125305
32.0807618 118.8125307
32.0807608 118.8125308
32.0807612 118.8125310
32.0807607 118.8125308
32.0807600 118.8125310
32.0807590 118.8125313
32.0807578 118.8125315
32.0807575 118.8125317
32.0807573 118.8125318
32.0807578 118.8125317
32.0807575 118.8125318
32.0807575 118.8125322
32.0807577 118.8125325
32.0807580 118.8125328
32.0807578 118.8125328
32.0807578 118.8125327
32.0807573 118.8125325
32.0807567 118.8125325
32.0807562 118.8125325
32.0807562 118.8125325
32.0807555 118.8125327
32.0807543 118.8125325
32.0807542 118.8125325
32.0807540 118.8125330
32.0807543 118.8125333
32.0807543 118.8125333
32.0807543 118.8125333
32.0807548 118.8125335
32.0807553 118.8125337
32.0807555 118.8125340
32.0807558 118.8125342
32.0807558 118.8125338
32.0807555 118.8125335
32.0807547 118.8125332
32.0807540 118.8125330
32.0807543 118.8125327
32.0807548 118.8125323
32.0807548 118.8125325
32.0807557 118.8125322
32.0807563 118.8125320
32.0807578 118.8125318
32.0807593 118.8125315
32.0807605 118.8125315
32.0807608 118.8125312
32.0807610 118.8125312
32.0807610 118.8125312
32.0807618 118.8125310
32.0807623 118.8125312
32.0807628 118.8125312
32.0807633 118.8125310
32.0807637 118.8125310
32.0807650 118.8125308
32.0807662 118.8125307
32.0807667 118.8125305
32.0807672 118.8125303
32.0807677 118.8125303
32.0807672 118.8125303
32.0807662 118.8125307
32.0807657 118.8125305
32.0807652 118.8125307
32.0807650 118.8125307
32.0807645 118.8125307
32.0807638 118.8125305
32.0807632 118.8125308
32.0807627 118.8125310
32.0807630 118.8125308
32.0807627 118.8125310
32.0807622 118.8125313
32.0807623 118.8125315
32.0807623 118.8125318
32.0807638 118.8125317
32.0807647 118.8125318
32.0807660 118.8125318
32.0807668 118.8125317
32.0807675 118.8125313
32.0807678 118.8125308
32.0807682 118.8125307
32.0807685 118.8125305
32.0807682 118.8125302
32.0807680 118.8125298
32.0807675 118.8125298
32.0807663 118.8125302
32.0807653 118.8125302
32.0807645 118.8125305
32.0807633 118.8125310
32.0807627 118.8125312
32.0807623 118.8125312
32.0807625 118.8125310
32.0807622 118.8125312
32.0807620 118.8125313
32.0807620 118.8125312
32.0807615 118.8125312
32.0807602 118.8125315
32.0807602 118.8125315
32.0807605 118.8125317
32.0807602 118.8125320
32.0807593 118.8125323
32.0807593 118.8125323
32.0807590 118.8125322
32.0807585 118.8125323
32.0807575 118.8125325
32.0807558 118.8125328
32.0807547 118.8125327
32.0807525 118.8125332
32.0807525 118.8125335
32.0807522 118.8125337
32.0807510 118.8125338
32.0807505 118.8125342
32.0807507 118.8125340
32.0807508 118.8125338
32.0807505 118.8125337
32.0807492 118.8125337
32.0807493 118.8125337
32.0807497 118.8125337
32.0807495 118.8125337
32.0807500 118.8125338
32.0807505 118.8125342
32.0807510 118.8125343
32.0807523 118.8125343
32.0807527 118.8125343
32.0807523 118.8125345
32.0807523 118.8125345
32.0807518 118.8125345
32.0807520 118.8125343
32.0807523 118.8125345
32.0807527 118.8125347
32.0807533 118.8125345
32.0807530 118.8125345
32.0807528 118.8125347
32.0807530 118.8125347
32.0807518 118.8125350
32.0807522 118.8125348
32.0807528 118.8125348
32.0807523 118.8125352
32.0807523 118.8125353
32.0807527 118.8125353
32.0807532 118.8125353
32.0807537 118.8125355
32.0807538 118.8125357
32.0807543 118.8125355
32.0807543 118.8125357
32.0807550 118.8125355
32.0807558 118.8125353
32.0807562 118.8125352
32.0807557 118.8125352
32.0807557 118.8125352
32.0807568 118.8125350
32.0807578 118.8125347
32.0807582 118.8125347
32.0807577 118.8125348
32.0807572 118.8125350
32.0807563 118.8125353
32.0807568 118.8125350
32.0807568 118.8125352
32.0807567 118.8125352
32.0807563 118.8125352
32.0807557 118.8125355
32.0807555 118.8125355
32.0807550 118.8125357
32.0807548 118.8125358
32.0807540 118.8125362
32.0807540 118.8125362
32.0807537 118.8125363
32.0807530 118.8125365
32.0807522 118.8125367
32.0807510 118.8125373
32.0807507 118.8125377
32.0807503 118.8125380
32.0807492 118.8125385
32.0807483 118.8125388
32.0807477 118.8125392
32.0807465 118.8125397
32.0807455 118.8125402
32.0807457 118.8125403
32.0807455 118.8125405
32.0807455 118.8125403
32.0807452 118.8125403
32.0807443 118.8125403
32.0807442 118.8125403
32.0807443 118.8125402
32.0807442 118.8125402
32.0807445 118.8125398
32.0807453 118.8125390
32.0807458 118.8125383
32.0807472 118.8125378
32.0807483 118.8125373
32.0807497 118.8125368
32.0807503 118.8125365
32.0807515 118.8125362
32.0807520 118.8125362
32.0807523 118.8125362
32.0807530 118.8125362
32.0807542 118.8125360
32.0807545 118.8125360
32.0807545 118.8125362
32.0807542 118.8125363
32.0807543 118.8125365
32.0807545 118.8125367
32.0807542 118.8125372
32.0807547 118.8125373
32.0807550 118.8125377
32.0807555 118.8125378
32.0807553 118.8125383
32.0807547 118.8125388
32.0807542 118.8125392
32.0807543 118.8125393
32.0807548 118.8125395
32.0807555 118.8125392
32.0807555 118.8125393
32.0807560 118.8125395
32.0807553 118.8125400
32.0807553 118.8125402
32.0807557 118.8125403
32.0807557 118.8125405
32.0807543 118.8125408
32.0807532 118.8125412
32.0807537 118.8125410
32.0807533 118.8125410
32.0807537 118.8125410
32.0807545 118.8125407
32.0807545 118.8125407
32.0807555 118.8125405
32.0807568 118.8125400
32.0807570 118.8125400
32.0807578 118.8125397
32.0807585 118.8125397
32.0807583 118.8125397
32.0807590 118.8125395
32.0807603 118.8125390
32.0807617 118.8125387
32.0807635 118.8125382
32.0807655 118.8125375
32.0807675 118.8125368
32.0807690 118.8125365
32.0807702 118.8125360
32.0807712 118.8125357
32.0807717 118.8125357
32.0807727 118.8125353
32.0807737 118.8125348
32.0807747 118.8125345
32.0807752 118.8125343
32.0807757 118.8125343
32.0807758 118.8125345
32.0807758 118.8125347
32.0807765 118.8125345
32.0807768 118.8125345
32.0807763 118.8125345
32.0807770 118.8125343
32.0807775 118.8125342
32.0807783 118.8125338
32.0807792 118.8125333
32.0807797 118.8125330
32.0807802 118.8125327
32.0807810 118.8125322
32.0807817 118.8125320
32.0807818 118.8125320
32.0807825 118.8125317
32.0807827 118.8125313
32.0807833 118.8125310
32.0807842 118.8125308
32.0807847 118.8125307
32.0807845 118.8125307
32.0807838 118.8125310
32.0807848 118.8125307
32.0807847 118.8125305
32.0807850 118.8125302
32.0807858 118.8125297
32.0807865 118.8125293
32.0807865 118.8125292
32.0807868 118.8125290
32.0807863 118.8125288
32.0807860 118.8125290
32.0807858 118.8125290
32.0807858 118.8125290
32.0807845 118.8125293
32.0807843 118.8125293
32.0807847 118.8125293
32.0807850 118.8125293
32.0807852 118.8125293
32.0807850 118.8125295
32.0807850 118.8125297
32.0807853 118.8125297
32.0807857 118.8125297
32.0807853 118.8125298
32.0807863 118.8125295
32.0807858 118.8125297
32.0807865 118.8125297
32.0807862 118.8125298
32.0807858 118.8125298
32.0807862 118.8125298
32.0807863 118.8125298
32.0807862 118.8125300
32.0807858 118.8125303
32.0807847 118.8125308
32.0807847 118.8125307
32.0807862 118.8125302
32.0807862 118.8125300
32.0807875 118.8125293
32.0807872 118.8125295
32.0807858 118.8125298
32.0807857 118.8125298
32.0807855 118.8125297
32.0807840 118.8125300
32.0807838 118.8125300
32.0807842 118.8125302
32.0807833 118.8125307
32.0807825 118.8125308
32.0807825 118.8125308
32.0807827 118.8125307
32.0807815 118.8125310
32.0807818 118.8125310
32.0807820 118.8125310
32.0807825 118.8125308
32.0807822 118.8125310
32.0807827 118.8125310
32.0807827 118.8125312
32.0807827 118.8125313
32.0807838 118.8125312
32.0807863 118.8125307
32.0807878 118.8125303
32.0807895 118.8125300
32.0807907 118.8125300
32.0807912 118.8125300
32.0807917 118.8125298
32.0807913 118.8125300
32.0807910 118.8125302
32.0807902 118.8125305
32.0807908 118.8125303
32.0807905 118.8125303
32.0807900 118.8125303
32.0807895 118.8125305
32.0807907 118.8125302
32.0807903 118.8125302
32.0807893 118.8125307
32.0807890 118.8125307
32.0807887 118.8125308
32.0807895 118.8125303
32.0807882 118.8125308
32.0807898 118.8125303
32.0807902 118.8125307
32.0807910 118.8125307
32.0807922 118.8125307
32.0807912 118.8125312
32.0807905 118.8125315
32.0807888 118.8125322
32.0807882 118.8125323
32.0807887 118.8125322
32.0807902 118.8125318
32.0807900 118.8125320
32.0807898 118.8125322
32.0807898 118.8125322
32.0807890 118.8125322
32.0807880 118.8125327
32.0807880 118.8125325
32.0807888 118.8125320
32.0807895 118.8125318
32.0807905 118.8125317
32.0807932 118.8125308
32.0807937 118.8125307
32.0807928 118.8125308
32.0807938 118.8125303
32.0807960 118.8125295
32.0807962 118.8125295
32.0807975 118.8125292
32.0807977 118.8125290
32.0807973 118.8125290
32.0807962 118.8125292
32.0807965 118.8125292
32.0807967 118.8125292
32.0807982 118.8125287
32.0807983 118.8125287
32.0807992 118.8125287
32.0807998 118.8125287
32.0807998 118.8125288
32.0807990 118.8125295
32.0807995 118.8125295
32.0807990 118.8125298
32.0807980 118.8125302
32.0807962 118.8125308
32.0807950 118.8125312
32.0807943 118.8125315
32.0807953 118.8125313
32.0807968 118.8125310
32.0807958 118.8125317
32.0807967 118.8125315
32.0807977 118.8125313
32.0807972 118.8125317
32.0807965 118.8125320
32.0807967 118.8125322
32.0808007 118.8125313
32.0808025 118.8125310
32.0808043 118.8125308
32.0808038 118.8125312
32.0808057 118.8125308
32.0808050 118.8125312
32.0808052 118.8125312
32.0808075 118.8125307
32.0808065 118.8125313
32.0808062 118.8125315
32.0808075 118.8125313
32.0808055 118.8125320
32.0808023 118.8125332
32.0808032 118.8125330
32.0808020 118.8125337
32.0807990 118.8125345
32.0807958 118.8125357
32.0807945 118.8125362
32.0807960 118.8125357
32.0807963 118.8125357
32.0807968 118.8125358
32.0807958 118.8125362
32.0807955 118.8125365
32.0807940 118.8125372
32.0807925 118.8125378
32.0807920 118.8125380
32.0807935 118.8125377
32.0807942 118.8125377
32.0807938 118.8125380
32.0807940 118.8125380
32.0807937 118.8125383
32.0807938 118.8125385
32.0807953 118.8125383
32.0807955 118.8125383
32.0807942 118.8125388
32.0807947 118.8125388
32.0807938 118.8125392
32.0807933 118.8125395
32.0807937 118.8125395
32.0807940 118.8125397
32.0807935 118.8125398
32.0807940 118.8125400
32.0807943 118.8125402
32.0807937 118.8125405
32.0807947 118.8125405
32.0807935 118.8125410
32.0807932 118.8125413
32.0807942 118.8125413
32.0807942 118.8125415
32.0807940 118.8125415
32.0807937 118.8125417
32.0807947 118.8125415
32.0807953 118.8125415
32.0807952 118.8125417
32.0807955 118.8125417
32.0807965 118.8125415
32.0807958 118.8125418
32.0807957 118.8125418
32.0807965 118.8125417
32.0807975 118.8125415
32.0807967 118.8125418
32.0807967 118.8125417
32.0807970 118.8125413
32.0807968 118.8125413
32.0807972 118.8125412
32.0807975 118.8125412
32.0807970 118.8125413
32.0807962 118.8125415
32.0807968 118.8125412
32.0807973 118.8125410
32.0807988 118.8125405
32.0808017 118.8125395
32.0808025 118.8125390
32.0808028 118.8125388
32.0808023 118.8125388
32.0808030 118.8125387
32.0808035 118.8125385
32.0808038 118.8125383
32.0808032 118.8125383
32.0808043 118.8125380
32.0808060 118.8125377
32.0808078 118.8125373
32.0808097 118.8125370
32.0808107 118.8125367
32.0808113 118.8125363
32.0808123 118.8125360
32.0808137 118.8125355
32.0808148 118.8125352
32.0808148 118.8125350
32.0808147 118.8125347
32.0808163 118.8125342
32.0808178 118.8125337
32.0808192 118.8125332
32.0808212 118.8125325
32.0808207 118.8125325
32.0808222 118.8125318
32.0808215 118.8125317
32.0808217 118.8125315
32.0808218 118.8125313
32.0808213 118.8125313
32.0808212 118.8125313
32.0808212 118.8125312
32.0808210 118.8125312
32.0808213 118.8125310
32.0808217 118.8125310
32.0808207 118.8125312
32.0808210 118.8125308
32.0808227 118.8125303
32.0808242 118.8125300
32.0808240 118.8125302
32.0808238 118.8125303
32.0808247 118.8125302
32.0808252 118.8125302
32.0808247 118.8125305
32.0808258 118.8125303
32.0808257 118.8125305
32.0808255 118.8125307
32.0808247 118.8125310
32.0808255 118.8125308
32.0808263 118.8125308
32.0808272 118.8125307
32.0808257 118.8125308
32.0808250 118.8125310
32.0808255 118.8125310
32.0808260 118.8125308
32.0808260 118.8125312
32.0808262 118.8125315
32.0808267 118.8125315
32.0808267 118.8125317
32.0808267 118.8125317
32.0808267 118.8125318
32.0808277 118.8125315
32.0808277 118.8125313
32.0808265 118.8125318
32.0808263 118.8125320
32.0808263 118.8125320
32.0808253 118.8125323
32.0808247 118.8125323
32.0808243 118.8125323
32.0808238 118.8125325
32.0808235 118.8125327
32.0808238 118.8125325
32.0808252 118.8125322
32.0808257 118.8125320
32.0808257 118.8125320
32.0808258 118.8125322
32.0808262 118.8125322
32.0808262 118.8125323
32.0808262 118.8125327
32.0808260 118.8125328
32.0808275 118.8125327
32.0808287 118.8125323
32.0808305 118.8125317
32.0808307 118.8125315
32.0808305 118.8125313
32.0808305 118.8125313
32.0808303 118.8125313
32.0808303 118.8125315
32.0808307 118.8125315
32.0808308 118.8125315
32.0808312 118.8125315
32.0808318 118.8125315
32.0808317 118.8125315
32.0808315 118.8125315
32.0808315 118.8125317
32.0808322 118.8125315
32.0808332 118.8125310
32.0808332 118.8125310
32.0808325 118.8125313
32.0808322 118.8125313
32.0808317 118.8125315
32.0808315 118.8125315
32.0808307 118.8125318
32.0808310 118.8125318
32.0808298 118.8125322
32.0808288 118.8125323
32.0808278 118.8125325
32.0808277 118.8125325
32.0808280 118.8125323
32.0808278 118.8125322
32.0808273 118.8125322
32.0808267 118.8125325
32.0808265 118.8125325
32.0808255 118.8125330
32.0808258 118.8125328
32.0808253 118.8125330
32.0808257 118.8125328
32.0808253 118.8125328
32.0808247 118.8125332
32.0808248 118.8125332
32.0808247 118.8125333
32.0808235 118.8125340
32.0808218 118.8125345
32.0808208 118.8125345
32.0808207 118.8125347
32.0808203 118.8125347
32.0808205 118.8125347
32.0808207 118.8125347
32.0808202 118.8125348
32.0808188 118.8125352
32.0808178 118.8125355
32.0808187 118.8125353
32.0808187 118.8125353
32.0808183 118.8125353
32.0808175 118.8125357
32.0808168 118.8125358
32.0808170 118.8125355
32.0808153 118.8125358
32.0808137 118.8125362
32.0808127 118.8125363
32.0808125 118.8125360
32.0808118 118.8125362
32.0808118 118.8125358
32.0808127 118.8125353
32.0808123 118.8125353
32.0808113 118.8125355
32.0808113 118.8125355
32.0808115 118.8125353
32.0808118 118.8125352
32.0808110 118.8125352
32.0808122 118.8125348
32.0808135 118.8125340
32.0808145 118.8125335
32.0808157 118.8125333
32.0808148 118.8125337
32.0808148 118.8125337
32.0808145 118.8125338
32.0808157 118.8125333
32.0808162 118.8125332
32.0808167 118.8125332
32.0808167 118.8125332
32.0808168 118.8125330
32.0808163 118.8125332
32.0808157 118.8125337
32.0808145 118.8125340
32.0808142 118.8125342
32.0808135 118.8125345
32.0808127 118.8125348
32.0808127 118.8125352
32.0808142 118.8125347
32.0808153 118.8125343
32.0808165 118.8125340
32.0808157 118.8125343
32.0808145 118.8125345
32.0808145 118.8125345
32.0808142 118.8125345
32.0808138 118.8125345
32.0808140 118.8125345
32.0808145 118.8125343
32.0808152 118.8125338
32.0808143 118.8125340
32.0808155 118.8125330
32.0808152 118.8125328
32.0808140 118.8125328
32.0808137 118.8125328
32.0808137 118.8125328
32.0808142 118.8125327
32.0808133 118.8125328
32.0808135 118.8125327
32.0808140 118.8125323
32.0808135 118.8125322
32.0808127 118.8125327
32.0808128 118.8125332
32.0808133 118.8125330
32.0808128 118.8125335
32.0808122 118.8125340
32.0808125 118.8125340
32.0808132 118.8125340
32.0808147 118.8125338
32.0808160 118.8125337
32.0808173 118.8125333
32.0808170 118.8125337
32.0808168 118.8125342
32.0808168 118.8125347
32.0808162 118.8125348
32.0808172 118.8125342
32.0808190 118.8125338
32.0808203 118.8125332
32.0808222 118.8125327
32.0808230 118.8125323
32.0808242 118.8125320
32.0808250 118.8125320
32.0808263 118.8125317
32.0808258 118.8125320
32.0808273 118.8125317
32.0808278 118.8125320
32.0808283 118.8125318
32.0808285 118.8125320
32.0808283 118.8125322
32.0808277 118.8125325
32.0808282 118.8125327
32.0808280 118.8125330
32.0808285 118.8125330
32.0808277 118.8125335
32.0808272 118.8125340
32.0808275 118.8125342
32.0808267 118.8125348
32.0808263 118.8125352
32.0808260 118.8125352
32.0808265 118.8125350
32.0808270 118.8125347
32.0808263 118.8125350
32.0808265 118.8125348
32.0808258 118.8125352
32.0808257 118.8125352
32.0808265 118.8125350
32.0808265 118.8125352
32.0808265 118.8125352
32.0808265 118.8125350
32.0808270 118.8125348
32.0808273 118.8125348
32.0808273 118.8125345
32.0808280 118.8125340
32.0808285 118.8125337
32.0808290 118.8125335
32.0808282 118.8125335
32.0808280 118.8125333
32.0808267 118.8125337
32.0808257 118.8125337
32.0808258 118.8125333
32.0808262 118.8125330
32.0808263 118.8125327
32.0808262 118.8125328
32.0808272 118.8125323
32.0808285 118.8125318
32.0808292 118.8125317
32.0808297 118.8125313
32.0808302 118.8125312
32.0808302 118.8125310
32.0808310 118.8125308
32.0808318 118.8125305
32.0808327 118.8125305
32.0808328 118.8125305
32.0808332 118.8125305
32.0808332 118.8125305
32.0808330 118.8125307
32.0808328 118.8125308
32.0808328 118.8125308
32.0808330 118.8125307
32.0808332 118.8125307
32.0808330 118.8125308
32.0808322 118.8125310
32.0808318 118.8125310
32.0808325 118.8125307
32.0808317 118.8125308
32.0808322 118.8125305
32.0808320 118.8125303
32.0808315 118.8125302
32.0808305 118.8125302
32.0808308 118.8125298
32.0808308 118.8125295
32.0808302 118.8125297
32.0808290 118.8125298
32.0808292 118.8125298
32.0808297 118.8125295
32.0808290 118.8125298
32.0808290 118.8125298
32.0808290 118.8125298
32.0808292 118.8125300
32.0808288 118.8125305
32.0808282 118.8125307
32.0808275 118.8125308
32.0808280 118.8125308
32.0808287 118.8125307
32.0808292 118.8125307
32.0808290 118.8125308
32.0808293 118.8125308
32.0808298 118.8125308
32.0808300 118.8125310
32.0808300 118.8125308
32.0808310 118.8125305
32.0808320 118.8125302
32.0808325 118.8125298
32.0808327 118.8125297
32.0808328 118.8125295
32.0808322 118.8125297
32.0808317 118.8125295
32.0808312 118.8125293
32.0808307 118.8125292
32.0808295 118.8125292
32.0808290 118.8125290
32.0808300 118.8125283
32.0808298 118.8125282
32.0808293 118.8125280
32.0808292 118.8125278
32.0808290 118.8125277
32.0808290 118.8125275
32.0808287 118.8125272
32.0808288 118.8125268
32.0808298 118.8125267
32.0808292 118.8125268
32.0808282 118.8125275
32.0808278 118.8125277
32.0808273 118.8125282
32.0808263 118.8125287
32.0808268 118.8125287
32.0808275 118.8125287
32.0808273 118.8125290
32.0808282 118.8125290
32.0808287 118.8125288
32.0808292 118.8125288
32.0808318 118.8125278
32.0808333 118.8125275
32.0808340 118.8125275
32.0808342 118.8125273
32.0808347 118.8125273
32.0808352 118.8125273
32.0808358 118.8125272
32.0808363 118.8125268
32.0808360 118.8125272
32.0808350 118.8125275
32.0808358 118.8125273
32.0808362 118.8125273
32.0808362 118.8125275
32.0808355 118.8125278
32.0808355 118.8125278
32.0808357 118.8125278
32.0808357 118.8125278
32.0808350 118.8125283
32.0808348 118.8125288
32.0808352 118.8125290
32.0808360 118.8125290
32.0808360 118.8125293
32.0808367 118.8125293
32.0808363 118.8125295
32.0808367 118.8125295
32.0808365 118.8125297
32.0808362 118.8125300
32.0808363 118.8125300
32.0808362 118.8125303
32.0808370 118.8125303
32.0808370 118.8125305
32.0808363 118.8125307
32.0808362 118.8125310
32.0808353 118.8125313
32.0808352 118.8125315
32.0808352 118.8125315
32.0808345 118.8125318
32.0808343 118.8125318
32.0808340 118.8125322
32.0808337 118.8125323
32.0808332 118.8125327
32.0808327 118.8125328
32.0808325 118.8125330
32.0808320 118.8125330
32.0808318 118.8125332
32.0808320 118.8125332
32.0808320 118.8125328
32.0808320 118.8125327
32.0808320 118.8125327
32.0808313 118.8125328
32.0808312 118.8125327
32.0808307 118.8125325
32.0808307 118.8125323
32.0808293 118.8125325
32.0808287 118.8125325
32.0808278 118.8125325
32.0808268 118.8125325
32.0808270 118.8125323
32.0808270 118.8125320
32.0808262 118.8125322
32.0808263 118.8125318
32.0808263 118.8125318
32.0808253 118.8125318
32.0808250 118.8125318
32.0808247 118.8125318
32.0808247 118.8125318
32.0808243 118.8125318
32.0808240 118.8125320
32.0808242 118.8125318
32.0808242 118.8125315
32.0808243 118.8125313
32.0808243 118.8125312
32.0808243 118.8125312
32.0808247 118.8125310
32.0808248 118.8125308
32.0808250 118.8125307
32.0808255 118.8125305
32.0808258 118.8125305
32.0808257 118.8125305
32.0808252 118.8125307
32.0808252 118.8125305
32.0808253 118.8125303
32.0808262 118.8125302
32.0808267 118.8125298
32.0808267 118.8125298
32.0808267 118.8125297
32.0808267 118.8125297
32.0808265 118.8125295
32.0808270 118.8125295
32.0808273 118.8125295
32.0808277 118.8125293
32.0808280 118.8125293
32.0809522 118.8125675
32.0809528 118.8125670
32.0809517 118.8125678
32.0809493 118.8125690
32.0809477 118.8125698
32.0809467 118.8125700
32.0809447 118.8125705
32.0809428 118.8125717
32.0809422 118.8125722
32.0809430 118.8125722
32.0809430 118.8125727
32.0809432 118.8125728
32.0809433 118.8125732
32.0809437 118.8125737
32.0809445 118.8125738
32.0809450 118.8125740
32.0809460 118.8125735
32.0809460 118.8125730
32.0809475 118.8125712
32.0809483 118.8125703
32.0809490 118.8125688
32.0809493 118.8125678
32.0809500 118.8125668
32.0809512 118.8125662
32.0809522 118.8125658
32.0809512 118.8125660
32.0809513 118.8125660
32.0809507 118.8125660
32.0809497 118.8125660
32.0809488 118.8125667
32.0809467 118.8125677
32.0809457 118.8125678
32.0809435 118.8125687
32.0809410 118.8125700
32.0809390 118.8125712
32.0809368 118.8125722
32.0809348 118.8125728
32.0809330 118.8125733
32.0809318 118.8125738
32.0809310 118.8125742
32.0809288 118.8125747
32.0809278 118.8125747
32.0809255 118.8125748
32.0809227 118.8125753
32.0809208 118.8125758
32.0809202 118.8125757
32.0809192 118.8125755
32.0809180 118.8125753
32.0809173 118.8125750
32.0809167 118.8125750
32.0809153 118.8125752
32.0809152 118.8125752
32.0809148 118.8125753
32.0809143 118.8125752
32.0809137 118.8125748
32.0809142 118.8125743
32.0809147 118.8125738
32.0809147 118.8125733
32.0809147 118.8125732
32.0809157 118.8125730
32.0809158 118.8125732
32.0809158 118.8125735
32.0809170 118.8125730
32.0809158 118.8125730
32.0809145 118.8125735
32.0809137 118.8125742
32.0809128 118.8125747
32.0809125 118.8125752
32.0809130 118.8125752
32.0809135 118.8125752
32.0809138 118.8125750
32.0809147 118.8125747
32.0809152 118.8125742
32.0809152 118.8125742
32.0809150 118.8125737
32.0809152 118.8125730
32.0809138 118.8125730
32.0809112 118.8125735
32.0809087 118.8125740
32.0809070 118.8125740
32.0809070 118.8125737
32.0809078 118.8125730
32.0809088 118.8125722
32.0809078 118.8125723
32.0809067 118.8125732
32.0808218 118.8125442
32.0808208 118.8125440
32.0808188 118.8125442
32.0808155 118.8125445
32.0808130 118.8125448
32.0808092 118.8125455
32.0808050 118.8125462
32.0808007 118.8125468
32.0807983 118.8125472
32.0807967 118.8125475
32.0807940 118.8125477
32.0807932 118.8125480
32.0807905 118.8125485
32.0807893 118.8125488
32.0807878 118.8125493
32.0807870 118.8125495
32.0807857 118.8125500
32.0807847 118.8125507
32.0807850 118.8125510
32.0807840 118.8125520
32.0807870 118.8125523
32.0807880 118.8125530
32.0807898 118.8125533
32.0807920 118.8125535
32.0807930 118.8125540
32.0807935 118.8125538
32.0807947 118.8125535
32.0807972 118.8125532
32.0807993 118.8125530
32.0808015 118.8125528
32.0808017 118.8125530
32.0808017 118.8125530
32.0808032 118.8125528
32.0808025 118.8125523
32.0808023 118.8125522
32.0808045 118.8125520
32.0808052 118.8125520
32.0808065 118.8125522
32.0808073 118.8125522
32.0808077 118.8125522
32.0808113 118.8125520
32.0808103 118.8125523
32.0808118 118.8125520
32.0808150 118.8125520
32.0808145 118.8125518
32.0808120 118.8125517
32.0808105 118.8125522
32.0808113 118.8125532
32.0808150 118.8125535
32.0808152 118.8125535
32.0808150 118.8125538
32.0808170 118.8125535
32.0808187 118.8125530
32.0808182 118.8125530
32.0808200 118.8125527
32.0808210 118.8125525
32.0808227 118.8125522
32.0808245 118.8125518
32.0808253 118.8125513
32.0808248 118.8125513
32.0808257 118.8125510
32.0808278 118.8125503
32.0808323 118.8125495
32.0808365 118.8125490
32.0808392 118.8125490
32.0808412 118.8125488
32.0808420 118.8125490
32.0808432 118.8125488
32.0808448 118.8125488
32.0808478 118.8125485
32.0808487 118.8125478
32.0808510 118.8125472
32.0808518 118.8125470
32.0808522 118.8125472
32.0808540 118.8125473
32.0808530 118.8125473
32.0808547 118.8125475
32.0808530 118.8125478
32.0808523 118.8125480
32.0808513 118.8125477
32.0808510 118.8125473
32.0808493 118.8125475
32.0808465 118.8125475
32.0808458 118.8125475
32.0808475 118.8125472
32.0808470 118.8125470
32.0808467 118.8125465
32.0808452 118.8125465
32.0808450 118.8125465
32.0808452 118.8125463
32.0808462 118.8125462
32.0808495 118.8125467
32.0808510 118.8125467
32.0808508 118.8125463
32.0808502 118.8125460
32.0808512 118.8125457
32.0808522 118.8125452
32.0808533 118.8125452
32.0808528 118.8125455
32.0808530 118.8125460
32.0808530 118.8125467
32.0808518 118.8125470
32.0808517 118.8125472
32.0808515 118.8125473
32.0808523 118.8125472
32.0808523 118.8125467
32.0808527 118.8125458
32.0808528 118.8125455
32.0808535 118.8125450
32.0808545 118.8125443
32.0808545 118.8125442
32.0808548 118.8125437
32.0808538 118.8125435
32.0808538 118.8125432
32.0808550 118.8125428
32.0808548 118.8125423
32.0808542 118.8125420
32.0808533 118.8125415
32.0808547 118.8125417
32.0808550 118.8125417
32.0808550 118.8125413
32.0808558 118.8125410
32.0808552 118.8125408
32.0808550 118.8125405
32.0808560 118.8125402
32.0808568 118.8125395
32.0808578 118.8125388
32.0808588 118.8125388
32.0808600 118.8125388
32.0808598 118.8125392
32.0808583 118.8125392
32.0808588 118.8125392
32.0808570 118.8125392
32.0808580 118.8125388
32.0808583 118.8125385
32.0808582 118.8125378
32.0808580 118.8125373
32.0808573 118.8125368
32.0808598 118.8125367
32.0808595 118.8125367
32.0808590 118.8125367
32.0808587 118.8125363
32.0808585 118.8125362
32.0808600 118.8125358
32.0808612 118.8125357
32.0808612 118.8125355
32.0808600 118.8125355
32.0808610 118.8125350
32.0808592 118.8125350
32.0808583 118.8125345
32.0808587 118.8125340
32.0808575 118.8125337
32.0808570 118.8125338
32.0808570 118.8125342
32.0808570 118.8125343
32.0808585 118.8125343
32.0808607 118.8125343
32.0808620 118.8125342
32.0808627 118.8125340
32.0808637 118.8125342
32.0808667 118.8125342
32.0808635 118.8125342
32.0808637 118.8125340
32.0808632 118.8125342
32.0808637 118.8125340
32.0808647 118.8125337
32.0808685 118.8125333
32.0808697 118.8125330
32.0808720 118.8125325
32.0808735 118.8125327
32.0808755 118.8125328
32.0808767 118.8125327
32.0808778 118.8125325
32.0808793 118.8125322
32.0808795 118.8125322
32.0808798 118.8125327
32.0808818 118.8125328
32.0808832 118.8125328
32.0808837 118.8125325
32.0808848 118.8125320
32.0808873 118.8125315
32.0808890 118.8125313
32.0808893 118.8125310
32.0808905 118.8125308
32.0808907 118.8125310
32.0808915 118.8125312
32.0808903 118.8125312
32.0808890 118.8125310
32.0808880 118.8125307
32.0808862 118.8125302
32.0808853 118.8125305
32.0808815 118.8125305
32.0808793 118.8125307
32.0808785 118.8125308
32.0808788 118.8125305
32.0808787 118.8125302
32.0808782 118.8125302
32.0808772 118.8125303
32.0808773 118.8125303
32.0808768 118.8125305
32.0808753 118.8125312
32.0808753 118.8125317
32.0808747 118.8125317
32.0808753 118.8125315
32.0808747 118.8125315
32.0808748 118.8125315
32.0808740 118.8125313
32.0808767 118.8125315
32.0808780 118.8125317
32.0808782 118.8125318
32.0808813 118.8125327
32.0808830 118.8125327
32.0808848 118.8125330
32.0808882 118.8125332
32.0808915 118.8125338
32.0808935 118.8125342
32.0808930 118.8125342
32.0808930 118.8125338
32.0808933 118.8125337
32.0808925 118.8125335
32.0808925 118.8125337
32.0808922 118.8125338
32.0808892 118.8125342
32.0808858 118.8125345
32.0808858 118.8125352
32.0808840 118.8125355
32.0808853 118.8125360
32.0808840 118.8125368
32.0808847 118.8125375
32.0808847 118.8125378
32.0808827 118.8125382
32.0808795 118.8125377
32.0808800 118.8125368
32.0808803 118.8125365
32.0808805 118.8125360
32.0808817 118.8125360
32.0808823 118.8125357
32.0808820 118.8125353
32.0808835 118.8125348
32.0808842 118.8125348
32.0808832 118.8125343
32.0808832 118.8125342
32.0808815 118.8125337
32.0808835 118.8125337
32.0808823 118.8125338
32.0808825 118.8125338
32.0808838 118.8125337
32.0808852 118.8125335
32.0808863 118.8125333
32.0808882 118.8125330
32.0808900 118.8125335
32.0808910 118.8125338
32.0808903 118.8125338
32.0808915 118.8125340
32.0808932 118.8125348
32.0808942 118.8125347
32.0808947 118.8125348
32.0808943 118.8125352
32.0808927 118.8125355
32.0808910 118.8125363
32.0808870 118.8125363
32.0808855 118.8125367
32.0808857 118.8125365
32.0808843 118.8125368
32.0808868 118.8125375
32.0808847 118.8125383
32.0808857 118.8125392
32.0808847 118.8125402
32.0808823 118.8125407
32.0808807 118.8125403
32.0808798 118.8125403
32.0808770 118.8125407
32.0808742 118.8125412
32.0808698 118.8125417
32.0808670 118.8125423
32.0808648 118.8125427
32.0808630 118.8125433
32.0808628 118.8125433
32.0808618 118.8125432
32.0808605 118.8125432
32.0808595 118.8125432
32.0808607 118.8125432
32.0808588 118.8125423
32.0808588 118.8125423
32.0808555 118.8125418
32.0808545 118.8125418
32.0808532 118.8125420
32.0808513 118.8125423
32.0808513 118.8125433
32.0808505 118.8125435
32.0808497 118.8125440
32.0808492 118.8125445
32.0808480 118.8125445
32.0808495 118.8125448
32.0808505 118.8125450
32.0808502 118.8125452
32.0808513 118.8125453
32.0808517 118.8125457
32.0808522 118.8125458
32.0808528 118.8125460
32.0808510 118.8125458
32.0808498 118.8125463
32.0808473 118.8125470
32.0808442 118.8125472
32.0808410 118.8125477
32.0808363 118.8125477
32.0808338 118.8125480
32.0808315 118.8125488
32.0808285 118.8125493
32.0808253 118.8125497
32.0808248 118.8125500
32.0808247 118.8125503
32.0808235 118.8125508
32.0808225 118.8125508
32.0808212 118.8125508
32.0808207 118.8125508
32.0808220 118.8125505
32.0808242 118.8125502
32.0808265 118.8125500
32.0808260 118.8125493
32.0808267 118.8125492
32.0808285 118.8125488
32.0808285 118.8125485
32.0808293 118.8125480
32.0808285 118.8125470
32.0808288 118.8125463
32.0808292 118.8125457
32.0808315 118.8125457
32.0808310 118.8125455
32.0808302 118.8125455
32.0808323 118.8125453
32.0808325 118.8125455
32.0808317 118.8125455
32.0808295 118.8125452
32.0808292 118.8125448
32.0808283 118.8125445
32.0808268 118.8125450
32.0808263 118.8125452
32.0808247 118.8125450
32.0808210 118.8125447
32.0808185 118.8125442
32.0808170 118.8125438
32.0808218 118.8125438
32.0808203 118.8125430
32.0808205 118.8125423
32.0808218 118.8125417
32.0808207 118.8125410
32.0808195 118.8125402
32.0808195 118.8125395
32.0808212 118.8125392
32.0808203 118.8125390
32.0808190 118.8125392
32.0808183 118.8125392
32.0808192 118.8125393
32.0808193 118.8125397
32.0808203 118.8125393
32.0808215 118.8125398
32.0808245 118.8125403
32.0808260 118.8125407
32.0808302 118.8125415
32.0808322 118.8125418
32.0808370 118.8125422
32.0808378 118.8125425
32.0808408 118.8125428
32.0808435 118.8125433
32.0808415 118.8125435
32.0808403 118.8125433
32.0808407 118.8125435
32.0808397 118.8125435
32.0808403 118.8125433
32.0808437 118.8125428
32.0808437 118.8125427
32.0808442 118.8125432
32.0808402 118.8125437
32.0808383 118.8125435
32.0808378 118.8125433
32.0808377 118.8125437
32.0808368 118.8125435
32.0808362 118.8125435
32.0808362 118.8125430
32.0808373 118.8125427
32.0808353 118.8125430
32.0808350 118.8125427
32.0808350 118.8125428
32.0808340 118.8125432
32.0808335 118.8125432
32.0808328 118.8125432
32.0808325 118.8125432
32.0808323 118.8125437
32.0808322 118.8125438
32.0808325 118.8125442
32.0808337 118.8125445
32.0808333 118.8125450
32.0808332 118.8125453
32.0808340 118.8125457
32.0808350 118.8125458
32.0808355 118.8125465
32.0808332 118.8125470
32.0808352 118.8125475
32.0808340 118.8125480
32.0808337 118.8125478
32.0808332 118.8125480
32.0808322 118.8125487
32.0808315 118.8125495
32.0808297 118.8125500
32.0808292 118.8125505
32.0808273 118.8125508
32.0808263 118.8125513
32.0808247 118.8125518
32.0808235 118.8125523
32.0808225 118.8125525
32.0808223 118.8125527
32.0808208 118.8125528
32.0808197 118.8125533
32.0808128 118.8125530
32.0808053 118.8125522
32.0807980 118.8125515
32.0808002 118.8125508
32.0808010 118.8125505
32.0808017 118.8125498
32.0808062 118.8125500
32.0808085 118.8125500
32.0808107 118.8125498
32.0808145 118.8125500
32.0808198 118.8125502
32.0808287 118.8125510
32.0808297 118.8125508
32.0808303 118.8125507
32.0808313 118.8125507
32.0808312 118.8125505
32.0808325 118.8125508
32.0808300 118.8125510
32.0808292 118.8125512
32.0808278 118.8125513
32.0808242 118.8125517
32.0808233 118.8125522
32.0808200 118.8125523
32.0808178 118.8125527
32.0808155 118.8125525
32.0808140 118.8125528
32.0808123 118.8125528
32.0808100 118.8125528
32.0808085 118.8125530
32.0808082 118.8125532
32.0808083 118.8125538
32.0808102 118.8125542
32.0808100 118.8125550
32.0808083 118.8125557
32.0808072 118.8125562
32.0808063 118.8125565
32.0808060 118.8125575
32.0808057 118.8125578
32.0808040 118.8125577
32.0808048 118.8125573
32.0808053 118.8125572
32.0808077 118.8125575
32.0808065 118.8125575
32.0808072 118.8125572
32.0808083 118.8125567
32.0808087 118.8125565
32.0808083 118.8125558
32.0808100 118.8125552
32.0808143 118.8125552
32.0808155 118.8125550
32.0808182 118.8125550
32.0808195 118.8125547
32.0808193 118.8125543
32.0808193 118.8125543
32.0808177 118.8125548
32.0808192 118.8125555
32.0808183 118.8125560
32.0808197 118.8125562
32.0808182 118.8125565
32.0808167 118.8125570
32.0808152 118.8125573
32.0808132 118.8125575
32.0808132 118.8125573
32.0808138 118.8125570
32.0808147 118.8125572
32.0808143 118.8125578
32.0808130 118.8125582
32.0808132 118.8125587
32.0808102 118.8125585
32.0808102 118.8125583
32.0808113 118.8125592
32.0808142 118.8125593
32.0808160 118.8125600
32.0808128 118.8125602
32.0808130 118.8125607
32.0808130 118.8125608
32.0808120 118.8125608
32.0808103 118.8125615
32.0808078 118.8125622
32.0808065 118.8125628
32.0808055 118.8125633
32.0808042 118.8125637
32.0808008 118.8125640
32.0807965 118.8125643
32.0807935 118.8125648
32.0807892 118.8125652
32.0807867 118.8125653
32.0807842 118.8125653
32.0807808 118.8125657
32.0807755 118.8125657
32.0807722 118.8125662
32.0807712 118.8125667
32.0807682 118.8125667
32.0807635 118.8125667
32.0807633 118.8125665
32.0807597 118.8125663
32.0807602 118.8125660
32.0807602 118.8125658
32.0807607 118.8125657
32.0807612 118.8125652
32.0807608 118.8125650
32.0807600 118.8125650
32.0807585 118.8125648
32.0807585 118.8125645
32.0807602 118.8125643
32.0807618 118.8125642
32.0807637 118.8125640
32.0807655 118.8125638
32.0807668 118.8125638
32.0807670 118.8125638
32.0807688 118.8125637
32.0807687 118.8125638
32.0807695 118.8125640
32.0807693 118.8125640
32.0807688 118.8125642
32.0807672 118.8125642
32.0807665 118.8125642
32.0807665 118.8125645
32.0807682 118.8125647
32.0807678 118.8125648
32.0807655 118.8125650
32.0807645 118.8125650
32.0807632 118.8125652
32.0807615 118.8125655
32.0807608 118.8125658
32.0807575 118.8125658
32.0807550 118.8125658
32.0807520 118.8125658
32.0807492 118.8125658
32.0807483 118.8125655
32.0807475 118.8125652
32.0807455 118.8125650
32.0807430 118.8125647
32.0807418 118.8125643
32.0807415 118.8125642
32.0807408 118.8125638
32.0807407 118.8125632
32.0807397 118.8125627
32.0807375 118.8125623
32.0807382 118.8125623
32.0807387 118.8125622
32.0807390 118.8125617
32.0807398 118.8125610
32.0807398 118.8125605
32.0807402 118.8125600
32.0807408 118.8125597
32.0807402 118.8125595
32.0807400 118.8125595
32.0807402 118.8125592
32.0807408 118.8125590
32.0807412 118.8125588
32.0807430 118.8125587
32.0807430 118.8125585
32.0807440 118.8125582
32.0807445 118.8125577
32.0807447 118.8125573
32.0807445 118.8125570
32.0807447 118.8125568
32.0807442 118.8125565
32.0807442 118.8125563
32.0807447 118.8125562
32.0807457 118.8125562
32.0807467 118.8125560
32.0807463 118.8125558
32.0807475 118.8125557
32.0807483 118.8125555
32.0807505 118.8125553
32.0807520 118.8125552
32.0807545 118.8125552
32.0807560 118.8125552
32.0807588 118.8125548
32.0807625 118.8125543
32.0807647 118.8125542
32.0807665 118.8125540
32.0807683 118.8125535
32.0807693 118.8125535
32.0807717 118.8125528
32.0807737 118.8125522
32.0807750 118.8125517
32.0807758 118.8125515
32.0807770 118.8125512
32.0807780 118.8125508
32.0807797 118.8125508
32.0807800 118.8125507
32.0807820 118.8125503
32.0807830 118.8125503
32.0807832 118.8125505
32.0807833 118.8125507
32.0807817 118.8125508
32.0807817 118.8125512
32.0807808 118.8125513
32.0807815 118.8125515
32.0807805 118.8125512
32.0807803 118.8125507
32.0807803 118.8125503
32.0807798 118.8125498
32.0807818 118.8125495
32.0807817 118.8125490
32.0807815 118.8125487
32.0807795 118.8125482
32.0807780 118.8125478
32.0807780 118.8125472
32.0807763 118.8125467
32.0807760 118.8125462
32.0807767 118.8125460
32.0807778 118.8125455
32.0807797 118.8125455
32.0807798 118.8125455
32.0807810 118.8125453
32.0807818 118.8125452
32.0807805 118.8125450
32.0807798 118.8125447
32.0807797 118.8125443
32.0807793 118.8125442
32.0807797 118.8125440
32.0807783 118.8125440
32.0807802 118.8125438
32.0807833 118.8125433
32.0807837 118.8125427
32.0807842 118.8125425
32.0807840 118.8125423
32.0807838 118.8125420
32.0807833 118.8125418
32.0807812 118.8125418
32.0807795 118.8125415
32.0807803 118.8125410
32.0807820 118.8125405
32.0807832 118.8125403
32.0807852 118.8125403
32.0807867 118.8125403
32.0807853 118.8125403
32.0807852 118.8125402
32.0807850 118.8125403
32.0807847 118.8125403
32.0807852 118.8125402
32.0807857 118.8125398
32.0807858 118.8125397
32.0807857 118.8125397
32.0807863 118.8125393
32.0807858 118.8125392
32.0807850 118.8125388
32.0807843 118.8125383
32.0807835 118.8125377
32.0807822 118.8125373
32.0807803 118.8125368
32.0807787 118.8125365
32.0807780 118.8125362
32.0807777 118.8125360
32.0807753 118.8125358
32.0807737 118.8125358
32.0807720 118.8125357
32.0807725 118.8125357
32.0807715 118.8125355
32.0807687 118.8125355
32.0807660 118.8125358
32.0807645 118.8125360
32.0807620 118.8125363
32.0807595 118.8125368
32.0807558 118.8125375
32.0807533 118.8125377
32.0807510 118.8125380
32.0807490 118.8125383
32.0807472 118.8125382
32.0807445 118.8125383
32.0807442 118.8125382
32.0807433 118.8125383
32.0807417 118.8125385
32.0807417 118.8125385
32.0807393 118.8125390
32.0807385 118.8125395
32.0807378 118.8125395
32.0807377 118.8125397
32.0807368 118.8125393
32.0807363 118.8125395
32.0807370 118.8125397
32.0807362 118.8125398
32.0807372 118.8125400
32.0807348 118.8125405
32.0807342 118.8125408
32.0807333 118.8125412
32.0807312 118.8125412
32.0807315 118.8125415
32.0807320 118.8125417
32.0807328 118.8125417
32.0807333 118.8125418
32.0807307 118.8125420
32.0807293 118.8125422
32.0807285 118.8125427
32.0807267 118.8125430
32.0807263 118.8125433
32.0807277 118.8125440
32.0807278 118.8125447
32.0807285 118.8125452
32.0807282 118.8125453
32.0807282 118.8125453
32.0807278 118.8125460
32.0807268 118.8125462
32.0807243 118.8125463
32.0807240 118.8125465
32.0807233 118.8125473
32.0807247 118.8125477
32.0807267 118.8125477
32.0807273 118.8125477
32.0807265 118.8125477
32.0807260 118.8125485
32.0807253 118.8125490
32.0807240 118.8125498
32.0807238 118.8125503
32.0807265 118.8125503
32.0807273 118.8125505
32.0807308 118.8125505
32.0807338 118.8125503
32.0807335 118.8125500
32.0807345 118.8125497
32.0807350 118.8125492
32.0807365 118.8125488
32.0807377 118.8125488
32.0807397 118.8125485
32.0807407 118.8125485
32.0807415 118.8125488
32.0807418 118.8125487
32.0807423 118.8125492
32.0807443 118.8125492
32.0807475 118.8125498
32.0807470 118.8125500
32.0807480 118.8125500
32.0807498 118.8125498
32.0807510 118.8125495
32.0807518 118.8125493
32.0807537 118.8125492
32.0807552 118.8125492
32.0807550 118.8125493
32.0807583 118.8125495
32.0807608 118.8125493
32.0807610 118.8125493
32.0807623 118.8125492
32.0807640 118.8125492
32.0807665 118.8125492
32.0807665 118.8125493
32.0807665 118.8125497
32.0807668 118.8125497
32.0807657 118.8125498
32.0807662 118.8125502
32.0807640 118.8125503
32.0807645 118.8125505
32.0807640 118.8125512
32.0807642 118.8125515
32.0807645 118.8125517
32.0807645 118.8125518
32.0807637 118.8125520
32.0807647 118.8125525
32.0807640 118.8125528
32.0807642 118.8125527
32.0807622 118.8125527
32.0807602 118.8125533
32.0807613 118.8125535
32.0807612 118.8125535
32.0807602 118.8125537
32.0807602 118.8125537
32.0807575 118.8125537
32.0807558 118.8125533
32.0807552 118.8125532
32.0807547 118.8125528
32.0807523 118.8125528
32.0807510 118.8125528
32.0807478 118.8125525
32.0807430 118.8125518
32.0807397 118.8125515
32.0807360 118.8125508
32.0807333 118.8125508
32.0807297 118.8125512
32.0807260 118.8125513
32.0807235 118.8125513
32.0807195 118.8125522
32.0807165 118.8125528
32.0807132 118.8125532
32.0807115 118.8125528
32.0807082 118.8125532
32.0807048 118.8125538
32.0807018 118.8125542
32.0806990 118.8125547
32.0806967 118.8125552
32.0806953 118.8125557
32.0806947 118.8125562
32.0806935 118.8125563
32.0806918 118.8125568
32.0806922 118.8125572
32.0806900 118.8125572
32.0806885 118.8125573
32.0806872 118.8125578
32.0806843 118.8125583
32.0806825 118.8125588
32.0806792 118.8125595
32.0806772 118.8125600
32.0806760 118.8125608
32.0806732 118.8125622
32.0806720 118.8125632
32.0806698 118.8125635
32.0806698 118.8125642
32.0806692 118.8125647
32.0806683 118.8125652
32.0806678 118.8125655
32.0806662 118.8125660
32.0806668 118.8125663
32.0806667 118.8125660
32.0806673 118.8125653
32.0806707 118.8125650
32.0806738 118.8125647
32.0806775 118.8125642
32.0806795 118.8125640
32.0806805 118.8125637
32.0806815 118.8125637
32.0806827 118.8125635
32.0806845 118.8125632
32.0806857 118.8125630
32.0806883 118.8125623
32.0806900 118.8125623
32.0806918 118.8125620
32.0806950 118.8125622
32.0806968 118.8125622
32.0806985 118.8125622
32.0807005 118.8125623
32.0807005 118.8125627
32.0807018 118.8125628
32.0807017 118.8125628
32.0807015 118.8125630
32.0807002 118.8125628
32.0807015 118.8125625
32.0807028 118.8125622
32.0807027 118.8125622
32.0807023 118.8125620
32.0807032 118.8125615
32.0807025 118.8125615
32.0807015 118.8125613
32.0807027 118.8125615
32.0807010 118.8125618
32.0807022 118.8125617
32.0807015 118.8125617
32.0807013 118.8125617
32.0807005 118.8125622
32.0806998 118.8125618
32.0807012 118.8125613
32.0807020 118.8125610
32.0807028 118.8125608
32.0807023 118.8125607
32.0807035 118.8125605
32.0807052 118.8125602
32.0807072 118.8125597
32.0807082 118.8125592
32.0807090 118.8125587
32.0807113 118.8125582
32.0806537 118.8125590
32.0806530 118.8125588
32.0806537 118.8125588
32.0806545 118.8125587
32.0806547 118.8125583
32.0806538 118.8125585
32.0806545 118.8125587
32.0806552 118.8125587
32.0806550 118.8125585
32.0806562 118.8125583
32.0806573 118.8125578
32.0806570 118.8125578
32.0806568 118.8125578
32.0806557 118.8125577
32.0806553 118.8125572
32.0806553 118.8125570
32.0806573 118.8125567
32.0806560 118.8125567
32.0806547 118.8125567
32.0806535 118.8125563
32.0806530 118.8125565
32.0806537 118.8125562
32.0806548 118.8125563
32.0806547 118.8125565
32.0806548 118.8125570
32.0806558 118.8125570
32.0806563 118.8125570
32.0806563 118.8125570
32.0806570 118.8125573
32.0806572 118.8125578
32.0806568 118.8125580
32.0806600 118.8125580
32.0806607 118.8125585
32.0806603 118.8125588
32.0806600 118.8125595
32.0806603 118.8125598
32.0806595 118.8125605
32.0806583 118.8125615
32.0806563 118.8125623
32.0806543 118.8125633
32.0806535 118.8125633
32.0806508 118.8125637
32.0806485 118.8125643
32.0806462 118.8125647
32.0806443 118.8125648
32.0806423 118.8125645
32.0806405 118.8125645
32.0806393 118.8125642
32.0806365 118.8125638
32.0806318 118.8125635
32.0806285 118.8125635
32.0806243 118.8125637
32.0806205 118.8125637
32.0806173 118.8125635
32.0806150 118.8125637
32.0806108 118.8125635
32.0806100 118.8125633
32.0806095 118.8125637
32.0806087 118.8125643
32.0806087 118.8125645
32.0806085 118.8125647
32.0806078 118.8125650
32.0806063 118.8125650
32.0806037 118.8125648
32.0806017 118.8125645
32.0805992 118.8125643
32.0805978 118.8125638
32.0805973 118.8125635
32.0805958 118.8125628
32.0805950 118.8125622
32.0805950 118.8125615
32.0805942 118.8125610
32.0805947 118.8125607
32.0805945 118.8125602
32.0805945 118.8125597
32.0805952 118.8125597
32.0805935 118.8125597
32.0805917 118.8125602
32.0805888 118.8125605
32.0805877 118.8125608
32.0805870 118.8125612
32.0805860 118.8125615
32.0805858 118.8125613
32.0805840 118.8125620
32.0805837 118.8125623
32.0805825 118.8125628
32.0805812 118.8125632
32.0805798 118.8125632
32.0805797 118.8125628
32.0805818 118.8125627
32.0805833 118.8125623
32.0805825 118.8125625
32.0805823 118.8125625
32.0805830 118.8125625
32.0805847 118.8125625
32.0805850 118.8125627
32.0805857 118.8125632
32.0805850 118.8125637
32.0805852 118.8125642
32.0805858 118.8125643
32.0805868 118.8125647
32.0805865 118.8125650
32.0805877 118.8125650
32.0805855 118.8125653
32.0805857 118.8125655
32.0805860 118.8125655
32.0805848 118.8125655
32.0805832 118.8125657
32.0805827 118.8125657
32.0805815 118.8125660
32.0805832 118.8125665
32.0805828 118.8125665
32.0805823 118.8125668
32.0805820 118.8125667
32.0805817 118.8125665
32.0805822 118.8125662
32.0805830 118.8125658
32.0805830 118.8125660
32.0805827 118.8125667
32.0805778 118.8125670
32.0805762 118.8125673
32.0805758 118.8125670
32.0805757 118.8125673
32.0805767 118.8125678
32.0805773 118.8125678
32.0805805 118.8125675
32.0805795 118.8125670
32.0805800 118.8125668
32.0805810 118.8125667
32.0805827 118.8125667
32.0805850 118.8125665
32.0805865 118.8125658
32.0805893 118.8125653
32.0805900 118.8125650
32.0805930 118.8125648
32.0805965 118.8125643
32.0805997 118.8125638
32.0806023 118.8125627
32.0806055 118.8125618
32.0806077 118.8125610
32.0806117 118.8125603
32.0806153 118.8125597
32.0806212 118.8125592
32.0806245 118.8125588
32.0806268 118.8125585
32.0806290 118.8125582
32.0806308 118.8125578
32.0806327 118.8125577
32.0806358 118.8125577
32.0806397 118.8125575
32.0806412 118.8125572
32.0806435 118.8125573
32.0806447 118.8125575
32.0806462 118.8125578
32.0806465 118.8125582
32.0806462 118.8125590
32.0806450 118.8125593
32.0806443 118.8125595
32.0806455 118.8125597
32.0806467 118.8125597
32.0806477 118.8125597
32.0806480 118.8125595
32.0806475 118.8125588
32.0806475 118.8125578
32.0806497 118.8125568
32.0806518 118.8125563
32.0806540 118.8125558
32.0806542 118.8125555
32.0806562 118.8125550
32.0806552 118.8125548
32.0806555 118.8125548
32.0806557 118.8125550
32.0806572 118.8125552
32.0806573 118.8125552
32.0806567 118.8125550
32.0806578 118.8125553
32.0806603 118.8125552
32.0806610 118.8125547
32.0806618 118.8125545
32.0806635 118.8125542
32.0806653 118.8125535
32.0806662 118.8125533
32.0806677 118.8125527
32.0806677 118.8125525
32.0806667 118.8125527
32.0806678 118.8125527
32.0806682 118.8125523
32.0806683 118.8125520
32.0806682 118.8125518
32.0806683 118.8125517
32.0806700 118.8125515
32.0806690 118.8125515
32.0806695 118.8125510
32.0806707 118.8125505
32.0806717 118.8125500
32.0806732 118.8125493
32.0806752 118.8125492
32.0806773 118.8125487
32.0806790 118.8125485
32.0806807 118.8125482
32.0806805 118.8125480
32.0806813 118.8125480
32.0806818 118.8125485
32.0806810 118.8125488
32.0806818 118.8125497
32.0806827 118.8125498
32.0806815 118.8125500
32.0806817 118.8125505
32.0806802 118.8125508
32.0806792 118.8125512
32.0806778 118.8125515
32.0806765 118.8125513
32.0806748 118.8125513
32.0806725 118.8125515
32.0806710 118.8125518
32.0806688 118.8125522
32.0806667 118.8125525
32.0806663 118.8125525
32.0806653 118.8125523
32.0806662 118.8125522
32.0806640 118.8125522
32.0806632 118.8125523
32.0806608 118.8125528
32.0806587 118.8125532
32.0806567 118.8125538
32.0806542 118.8125545
32.0806517 118.8125550
32.0806498 118.8125552
32.0806473 118.8125552
32.0806472 118.8125555
32.0806478 118.8125557
32.0806478 118.8125558
32.0806472 118.8125560
32.0806477 118.8125558
32.0806463 118.8125562
32.0806442 118.8125567
32.0806425 118.8125573
32.0806415 118.8125577
32.0806397 118.8125577
32.0806392 118.8125580
32.0806388 118.8125583
32.0806392 118.8125583
32.0806400 118.8125585
32.0806417 118.8125585
32.0806427 118.8125587
32.0806455 118.8125583
32.0806463 118.8125582
32.0806470 118.8125582
32.0806485 118.8125577
32.0806490 118.8125577
32.0806498 118.8125575
32.0806510 118.8125572
32.0806503 118.8125573
32.0806510 118.8125573
32.0806503 118.8125577
32.0806512 118.8125580
32.0806527 118.8125580
32.0806547 118.8125580
32.0806557 118.8125585
32.0806575 118.8125585
32.0806570 118.8125592
32.0806575 118.8125588
32.0806573 118.8125593
32.0806533 118.8125612
32.0806530 118.8125613
32.0806552 118.8125613
32.0806553 118.8125610
32.0806540 118.8125615
32.0806517 118.8125618
32.0806513 118.8125615
32.0806482 118.8125617
32.0806453 118.8125618
32.0806425 118.8125620
32.0806392 118.8125623
32.0806398 118.8125622
32.0806413 118.8125620
32.0806427 118.8125617
32.0806453 118.8125612
32.0806530 118.8125600
32.0806557 118.8125597
32.0806577 118.8125592
32.0806568 118.8125592
32.0806583 118.8125583
32.0806620 118.8125577
32.0806607 118.8125575
32.0806598 118.8125573
32.0806598 118.8125575
32.0806580 118.8125577
32.0806598 118.8125577
32.0806607 118.8125573
32.0806602 118.8125570
32.0806603 118.8125568
32.0806598 118.8125563
32.0806590 118.8125560
32.0806593 118.8125560
32.0806612 118.8125562
32.0806620 118.8125565
32.0806632 118.8125567
32.0806655 118.8125563
32.0806680 118.8125557
32.0806708 118.8125557
32.0806727 118.8125558
32.0806732 118.8125563
32.0806743 118.8125568
32.0806750 118.8125573
32.0806762 118.8125745
32.0806768 118.8125748
32.0806780 118.8125750
32.0806785 118.8125755
32.0806800 118.8125763
32.0806812 118.8125772
32.0806815 118.8125777
32.0806810 118.8125782
32.0806802 118.8125787
32.0806797 118.8125797
32.0806792 118.8125803
32.0806795 118.8125808
32.0806798 118.8125813
32.0806832 118.8125812
32.0806878 118.8125807
32.0806893 118.8125802
32.0806910 118.8125798
32.0806928 118.8125790
32.0806933 118.8125787
32.0806942 118.8125787
32.0806933 118.8125783
32.0806950 118.8125782
32.0806943 118.8125783
32.0806945 118.8125783
32.0806938 118.8125780
32.0806927 118.8125780
32.0806913 118.8125782
32.0806913 118.8125783
32.0806908 118.8125782
32.0806888 118.8125783
32.0806877 118.8125787
32.0806892 118.8125780
32.0806887 118.8125777
32.0806892 118.8125772
32.0806888 118.8125767
32.0806898 118.8125760
32.0806912 118.8125750
32.0806927 118.8125742
32.0806935 118.8125738
32.0806945 118.8125732
32.0806968 118.8125727
32.0806988 118.8125722
32.0806995 118.8125720
32.0806988 118.8125715
32.0806972 118.8125708
32.0806977 118.8125702
32.0806965 118.8125700
32.0806940 118.8125697
32.0806938 118.8125698
32.0806927 118.8125695
32.0806918 118.8125697
32.0806937 118.8125698
32.0806953 118.8125695
32.0806977 118.8125692
32.0806975 118.8125690
32.0806988 118.8125688
32.0807000 118.8125690
32.0807000 118.8125692
32.0807023 118.8125688
32.0807037 118.8125687
32.0807043 118.8125687
32.0807047 118.8125688
32.0807062 118.8125687
32.0807057 118.8125683
32.0807065 118.8125680
32.0807077 118.8125677
32.0807093 118.8125670
32.0807107 118.8125663
32.0807122 118.8125657
32.0807132 118.8125650
32.0807147 118.8125643
32.0807160 118.8125635
32.0807187 118.8125630
32.0807183 118.8125627
32.0807197 118.8125618
32.0807212 118.8125607
32.0807212 118.8125603
32.0807200 118.8125600
32.0807197 118.8125595
32.0807187 118.8125593
32.0807197 118.8125590
32.0807195 118.8125585
32.0807198 118.8125582
32.0807182 118.8125583
32.0807187 118.8125582
32.0807188 118.8125580
32.0807200 118.8125577
32.0807215 118.8125578
32.0807223 118.8125577
32.0807227 118.8125578
32.0807228 118.8125582
32.0807225 118.8125583
32.0807232 118.8125585
32.0807243 118.8125583
32.0807252 118.8125580
32.0807255 118.8125578
32.0807265 118.8125575
32.0807268 118.8125572
32.0807267 118.8125572
32.0807272 118.8125572
32.0807272 118.8125568
32.0807262 118.8125568
32.0807262 118.8125568
32.0807257 118.8125567
32.0807252 118.8125565
32.0807248 118.8125560
32.0807240 118.8125555
32.0807230 118.8125552
32.0807220 118.8125547
32.0807210 118.8125545
32.0807193 118.8125547
32.0807178 118.8125545
32.0807153 118.8125547
32.0807122 118.8125552
32.0807098 118.8125550
32.0807063 118.8125547
32.0807010 118.8125545
32.0806977 118.8125545
32.0806922 118.8125547
32.0806848 118.8125548
32.0806793 118.8125555
32.0806738 118.8125565
32.0806695 118.8125573
32.0806645 118.8125578
32.0806635 118.8125590
32.0806627 118.8125600
32.0806620 118.8125610
32.0806622 118.8125612
32.0806627 118.8125613
32.0806637 118.8125612
32.0806663 118.8125613
32.0806670 118.8125617
32.0806693 118.8125615
32.0806722 118.8125615
32.0806742 118.8125618
32.0806760 118.8125617
32.0806775 118.8125617
32.0806762 118.8125623
32.0806737 118.8125632
32.0806743 118.8125635
32.0806742 118.8125638
32.0806733 118.8125645
32.0806730 118.8125650
32.0806742 118.8125648
32.0806743 118.8125648
32.0806745 118.8125645
32.0806745 118.8125647
32.0806745 118.8125648
32.0806740 118.8125652
32.0806743 118.8125653
32.0806738 118.8125658
32.0806745 118.8125663
32.0806737 118.8125668
32.0806740 118.8125673
32.0806748 118.8125673
32.0806757 118.8125673
32.0806767 118.8125672
32.0806778 118.8125672
32.0806773 118.8125673
32.0806783 118.8125677
32.0806783 118.8125682
32.0806788 118.8125687
32.0806798 118.8125688
32.0806795 118.8125692
32.0806802 118.8125695
32.0806820 118.8125690
32.0806827 118.8125688
32.0806837 118.8125688
32.0806858 118.8125685
32.0806877 118.8125680
32.0806877 118.8125678
32.0806888 118.8125678
32.0806898 118.8125677
32.0808983 118.8124722
32.0809000 118.8124725
32.0809010 118.8124727
32.0809033 118.8124732
32.0809048 118.8124733
32.0809065 118.8124737
32.0809085 118.8124738
32.0809097 118.8124738
32.0809100 118.8124745
32.0809107 118.8124748
32.0809105 118.8124757
32.0809143 118.8124748
32.0809155 118.8124747
32.0809172 118.8124748
32.0809207 118.8124738
32.0809222 118.8124738
32.0809242 118.8124735
32.0809258 118.8124737
32.0809265 118.8124737
32.0809282 118.8124733
32.0809305 118.8124730
32.0809307 118.8124733
32.0809302 118.8124737
32.0809297 118.8124743
32.0809287 118.8124750
32.0809273 118.8124757
32.0809268 118.8124762
32.0809250 118.8124768
32.0809245 118.8124775
32.0809247 118.8124778
32.0809245 118.8124780
32.0809250 118.8124782
32.0809258 118.8124783
32.0809257 118.8124783
32.0809250 118.8124787
32.0809243 118.8124793
32.0809257 118.8124792
32.0809257 118.8124792
32.0809270 118.8124790
32.0809258 118.8124792
32.0809260 118.8124793
32.0809258 118.8124797
32.0809252 118.8124800
32.0809252 118.8124803
32.0809237 118.8124807
32.0809222 118.8124813
32.0809207 118.8124817
32.0809188 118.8124825
32.0809165 118.8124833
32.0809138 118.8124837
32.0809120 118.8124842
32.0809093 118.8124845
32.0809063 118.8124850
32.0809050 118.8124852
32.0809025 118.8124855
32.0808998 118.8124862
32.0808970 118.8124867
32.0808957 118.8124872
32.0808938 118.8124875
32.0808910 118.8124880
32.0808900 118.8124885
32.0808887 118.8124887
32.0808862 118.8124892
32.0808842 118.8124897
32.0808830 118.8124898
32.0808810 118.8124903
32.0808800 118.8124905
32.0808780 118.8124908
32.0808772 118.8124908
32.0808758 118.8124910
32.0808737 118.8124913
32.0808703 118.8124918
32.0808680 118.8124923
32.0808648 118.8124930
32.0808607 118.8124940
32.0808588 118.8124948
32.0808557 118.8124955
32.0808535 118.8124962
32.0808527 118.8124967
32.0808497 118.8124973
32.0808502 118.8124972
32.0808485 118.8124975
32.0808462 118.8124977
32.0808427 118.8124985
32.0808407 118.8124987
32.0808410 118.8124987
32.0808408 118.8124985
32.0808400 118.8124985
32.0808392 118.8124982
32.0808362 118.8124987
32.0808393 118.8124983
32.0808425 118.8124982
32.0808455 118.8124980
32.0808480 118.8124980
32.0808500 118.8124980
32.0808517 118.8124983
32.0808533 118.8124983
32.0808545 118.8124987
32.0808565 118.8124987
32.0808580 118.8124987
32.0808567 118.8124988
32.0808553 118.8124990
32.0808547 118.8124990
32.0808547 118.8124992
32.0808542 118.8124992
32.0808547 118.8124990
32.0808533 118.8124992
32.0808522 118.8124995
32.0808518 118.8124997
32.0808503 118.8125000
32.0808490 118.8125002
32.0808493 118.8125005
32.0808487 118.8125007
32.0808480 118.8125010
32.0808487 118.8125008
32.0808477 118.8125012
32.0808460 118.8125018
32.0808458 118.8125023
32.0808447 118.8125028
32.0808445 118.8125030
32.0807947 118.8125080
32.0807975 118.8125077
32.0807988 118.8125078
32.0808007 118.8125080
32.0808030 118.8125085
32.0808057 118.8125085
32.0808053 118.8125082
32.0808042 118.8125082
32.0808083 118.8125083
32.0808113 118.8125093
32.0808148 118.8125100
32.0808198 118.8125105
32.0808250 118.8125102
32.0808252 118.8125098
32.0808307 118.8125097
32.0808358 118.8125093
32.0808410 118.8125090
32.0808453 118.8125088
32.0808505 118.8125090
32.0808547 118.8125092
32.0808577 118.8125092
32.0808605 118.8125095
32.0808627 118.8125090
32.0808657 118.8125090
32.0808670 118.8125090
32.0808700 118.8125090
32.0808703 118.8125092
32.0808730 118.8125095
32.0808752 118.8125102
32.0808767 118.8125108
32.0808793 118.8125113
32.0808783 118.8125118
32.0808815 118.8125127
32.0808820 118.8125132
32.0808827 118.8125135
32.0808825 118.8125142
32.0808828 118.8125147
32.0808838 118.8125153
32.0808827 118.8125155
32.0808832 118.8125155
32.0808832 118.8125158
32.0808827 118.8125157
32.0808750 118.8125153
32.0808677 118.8125152
32.0808598 118.8125152
32.0808540 118.8125152
32.0808478 118.8125148
32.0808430 118.8125142
32.0808427 118.8125140
32.0808380 118.8125132
32.0808413 118.8125127
32.0808413 118.8125125
32.0808403 118.8125123
32.0808343 118.8125120
32.0808343 118.8125122
32.0808330 118.8125122
32.0808347 118.8125118
32.0808353 118.8125113
32.0808368 118.8125110
32.0808360 118.8125110
32.0808363 118.8125108
32.0808360 118.8125112
32.0808322 118.8125113
32.0808315 118.8125117
32.0808305 118.8125117
32.0808292 118.8125117
32.0808277 118.8125117
32.0808270 118.8125115
32.0808270 118.8125112
32.0808272 118.8125112
32.0808288 118.8125108
32.0808295 118.8125103
32.0808315 118.8125097
32.0808340 118.8125090
32.0808345 118.8125092
32.0808343 118.8125092
32.0808332 118.8125092
32.0808353 118.8125092
32.0808357 118.8125090
32.0808350 118.8125088
32.0808357 118.8125088
32.0808367 118.8125087
32.0808377 118.8125085
32.0808378 118.8125085
32.0808380 118.8125088
32.0808385 118.8125090
32.0808385 118.8125088
32.0808382 118.8125095
32.0808383 118.8125097
32.0808377 118.8125102
32.0808382 118.8125108
32.0808410 118.8125113
32.0808423 118.8125113
32.0808433 118.8125110
32.0808453 118.8125113
32.0808478 118.8125105
32.0808485 118.8125103
32.0808490 118.8125100
32.0808492 118.8125100
32.0808500 118.8125100
32.0808510 118.8125100
32.0808522 118.8125103
32.0808518 118.8125107
32.0808515 118.8125110
32.0808540 118.8125110
32.0808550 118.8125108
32.0808537 118.8125108
32.0808525 118.8125112
32.0808517 118.8125117
32.0808525 118.8125123
32.0808545 118.8125130
32.0808548 118.8125137
32.0808540 118.8125140
32.0808543 118.8125140
32.0808557 118.8125138
32.0808555 118.8125142
32.0808573 118.8125142
32.0808548 118.8125143
32.0808543 118.8125145
32.0808513 118.8125155
32.0808508 118.8125160
32.0808510 118.8125163
32.0808538 118.8125165
32.0808580 118.8125170
32.0808608 118.8125172
32.0808638 118.8125167
32.0808663 118.8125167
32.0808672 118.8125167
32.0808675 118.8125165
32.0808685 118.8125162
32.0808718 118.8125162
32.0808725 118.8125163
32.0808725 118.8125158
32.0808747 118.8125160
32.0808798 118.8125167
32.0808815 118.8125175
32.0808825 118.8125180
32.0808797 118.8125183
32.0808792 118.8125182
32.0808792 118.8125182
32.0808807 118.8125178
32.0808813 118.8125177
32.0808815 118.8125180
32.0808812 118.8125182
32.0808790 118.8125185
32.0808712 118.8125180
32.0808645 118.8125173
32.0808633 118.8125177
32.0808620 118.8125177
32.0808625 118.8125178
32.0808648 118.8125170
32.0808673 118.8125162
32.0808692 118.8125155
32.0808708 118.8125148
32.0808707 118.8125142
32.0808692 118.8125137
32.0808692 118.8125142
32.0808690 118.8125143
32.0808618 118.8125138
32.0808637 118.8125138
32.0808653 118.8125138
32.0808632 118.8125142
32.0808648 118.8125143
32.0808660 118.8125145
32.0808670 118.8125147
32.0808705 118.8125150
32.0808703 118.8125140
32.0808698 118.8125127
32.0808678 118.8125115
32.0808640 118.8125102
32.0808610 118.8125095
32.0808582 118.8125087
32.0808545 118.8125073
32.0808530 118.8125065
32.0808510 118.8125055
32.0808472 118.8125048
32.0808477 118.8125047
32.0808462 118.8125043
32.0808438 118.8125040
32.0808367 118.8125027
32.0808345 118.8125018
32.0808292 118.8125007
32.0808265 118.8124997
32.0808242 118.8124995
32.0808220 118.8124990
32.0808213 118.8124983
32.0808182 118.8124983
32.0808160 118.8124982
32.0808148 118.8124978
32.0808128 118.8124973
32.0808110 118.8124973
32.0808080 118.8124975
32.0808033 118.8124972
32.0808005 118.8124970
32.0807968 118.8124970
32.0807950 118.8124972
32.0807937 118.8124972
32.0807932 118.8124968
32.0807917 118.8124965
32.0807915 118.8124963
32.0807892 118.8124963
32.0807885 118.8124960
32.0807875 118.8124957
32.0807845 118.8124953
32.0807845 118.8124953
32.0807825 118.8124952
32.0807810 118.8124953
32.0807805 118.8124953
32.0807802 118.8124953
32.0807788 118.8124952
32.0807782 118.8124952
32.0807755 118.8124950
32.0807723 118.8124953
32.0807717 118.8124952
32.0807700 118.8124952
32.0807683 118.8124952
32.0807670 118.8124953
32.0807672 118.8124953
32.0807660 118.8124953
32.0807667 118.8124952
32.0807668 118.8124953
32.0807607 118.8124947
32.0807597 118.8124943
32.0807597 118.8124942
32.0807532 118.8124933
32.0807533 118.8124932
32.0807527 118.8124928
32.0807502 118.8124923
32.0807520 118.8124923
32.0807527 118.8124927
32.0807592 118.8124930
32.0807587 118.8124928
32.0807587 118.8124928
32.0807540 118.8124928
32.0807550 118.8124927
32.0807542 118.8124923
32.0807467 118.8124918
32.0807463 118.8124917
32.0807463 118.8124920
32.0807480 118.8124922
32.0807493 118.8124923
32.0807492 118.8124922
32.0807455 118.8124920
32.0807455 118.8124917
32.0807448 118.8124910
32.0807458 118.8124903
32.0807468 118.8124900
32.0807475 118.8124898
32.0807508 118.8124897
32.0807518 118.8124897
32.0807525 118.8124895
32.0807542 118.8124898
32.0807583 118.8124905
32.0807612 118.8124907
32.0807662 118.8124905
32.0807687 118.8124900
32.0807700 118.8124897
32.0807723 118.8124892
32.0807738 118.8124888
32.0807743 118.8124882
32.0807760 118.8124877
32.0807767 118.8124873
32.0807783 118.8124873
32.0807798 118.8124868
32.0807807 118.8124863
32.0807802 118.8124858
32.0807827 118.8124855
32.0807830 118.8124850
32.0807833 118.8124845
32.0807835 118.8124838
32.0807827 118.8124833
32.0807818 118.8124830
32.0807785 118.8124827
32.0807773 118.8124820
32.0807780 118.8124817
32.0807763 118.8124810
32.0807742 118.8124805
32.0807728 118.8124800
32.0807717 118.8124797
32.0807712 118.8124792
32.0807710 118.8124790
32.0807712 118.8124785
32.0807695 118.8124780
32.0807682 118.8124772
32.0807665 118.8124770
32.0807662 118.8124770
32.0807642 118.8124767
32.0807635 118.8124768
32.0807633 118.8124768
32.0807620 118.8124765
32.0807613 118.8124768
32.0807600 118.8124767
32.0807582 118.8124765
32.0807567 118.8124765
32.0807557 118.8124767
32.0807545 118.8124767
32.0807543 118.8124767
32.0807543 118.8124768
32.0807538 118.8124770
32.0807508 118.8124772
32.0807475 118.8124767
32.0807450 118.8124760
32.0807427 118.8124760
32.0807392 118.8124758
32.0807363 118.8124753
32.0807325 118.8124753
32.0807292 118.8124750
32.0807258 118.8124745
32.0807205 118.8124748
32.0807200 118.8124748
32.0807178 118.8124750
32.0807165 118.8124748
32.0807153 118.8124745
32.0807117 118.8124738
32.0807072 118.8124732
32.0807055 118.8124730
32.0807040 118.8124728
32.0807037 118.8124732
32.0807035 118.8124733
32.0807032 118.8124733
32.0807052 118.8124730
32.0807055 118.8124735
32.0807060 118.8124740
32.0807057 118.8124743
32.0807052 118.8124747
32.0807050 118.8124747
32.0807027 118.8124745
32.0807012 118.8124743
32.0807012 118.8124742
32.0807010 118.8124750
32.0807020 118.8124753
32.0807022 118.8124760
32.0807027 118.8124765
32.0807042 118.8124768
32.0807053 118.8124767
32.0807023 118.8124772
32.0807023 118.8124772
32.0807008 118.8124773
32.0807013 118.8124767
32.0806965 118.8124787
32.0806903 118.8124797
32.0806833 118.8124805
32.0806795 118.8124802
32.0806793 118.8124790
32.0806787 118.8124790
32.0806758 118.8124795
32.0806618 118.8124790
32.0806592 118.8124790
32.0806588 118.8124788
32.0806572 118.8124788
32.0806543 118.8124797
32.0806530 118.8124800
32.0806527 118.8124798
32.0806507 118.8124803
32.0806520 118.8124802
32.0806533 118.8124793
32.0806535 118.8124787
32.0806543 118.8124782
32.0806550 118.8124778
32.0806577 118.8124772
32.0806598 118.8124767
32.0806635 118.8124758
32.0806657 118.8124757
32.0806705 118.8124752
32.0806722 118.8124757
32.0806732 118.8124758
32.0806750 118.8124757
32.0806755 118.8124757
32.0806772 118.8124755
32.0806782 118.8124755
32.0806793 118.8124757
32.0806813 118.8124758
32.0806847 118.8124757
32.0806872 118.8124757
32.0806888 118.8124758
32.0806927 118.8124757
32.0806973 118.8124753
32.0806997 118.8124755
32.0807017 118.8124757
32.0807047 118.8124755
32.0807052 118.8124760
32.0807067 118.8124768
32.0807080 118.8124777
32.0807095 118.8124790
32.0807112 118.8124795
32.0807150 118.8124795
32.0807168 118.8124800
32.0807182 118.8124808
32.0807198 118.8124812
32.0807212 118.8124817
32.0807237 118.8124818
32.0807253 118.8124813
32.0807290 118.8124813
32.0807325 118.8124815
32.0807335 118.8124817
32.0807362 118.8124818
32.0807387 118.8124820
32.0807388 118.8124822
32.0807398 118.8124825
32.0807430 118.8124823
32.0807452 118.8124825
32.0807478 118.8124827
32.0807507 118.8124828
32.0807547 118.8124820
32.0807578 118.8124815
32.0807607 118.8124815
32.0807613 118.8124820
32.0807630 118.8124823
32.0807648 118.8124827
32.0807660 118.8124832
32.0807665 118.8124840
32.0807685 118.8124847
32.0807712 118.8124847
32.0807718 118.8124847
32.0807733 118.8124847
32.0807745 118.8124848
32.0807745 118.8124852
32.0807747 118.8124855
32.0807747 118.8124860
32.0807748 118.8124867
32.0807737 118.8124873
32.0807730 118.8124877
32.0807742 118.8124880
32.0807752 118.8124878
32.0807745 118.8124875
32.0807727 118.8124877
32.0807715 118.8124877
32.0807697 118.8124878
32.0807663 118.8124878
32.0807572 118.8124863
32.0807575 118.8124862
32.0807590 118.8124860
32.0807607 118.8124862
32.0807618 118.8124867
32.0807627 118.8124868
32.0807620 118.8124872
32.0807612 118.8124877
32.0807603 118.8124878
32.0807597 118.8124885
32.0807588 118.8124888
32.0807602 118.8124892
32.0807602 118.8124893
32.0807605 118.8124897
32.0807618 118.8124898
32.0807618 118.8124898
32.0807625 118.8124902
32.0807613 118.8124908
32.0807600 118.8124917
32.0807592 118.8124922
32.0807597 118.8124923
32.0807610 118.8124927
32.0807595 118.8124925
32.0807585 118.8124927
32.0807573 118.8124927
32.0807563 118.8124928
32.0807545 118.8124930
32.0807525 118.8124933
32.0807510 118.8124932
32.0807495 118.8124933
32.0807485 118.8124932
32.0807473 118.8124932
32.0807460 118.8124933
32.0807447 118.8124935
32.0807462 118.8124933
32.0807475 118.8124933
32.0807485 118.8124932
32.0807493 118.8124932
32.0807493 118.8124933
32.0807495 118.8124933
32.0807503 118.8124935
32.0807498 118.8124937
32.0807480 118.8124938
32.0807462 118.8124940
32.0807450 118.8124943
32.0807437 118.8124943
32.0807423 118.8124945
32.0807423 118.8124943
32.0807425 118.8124942
32.0807433 118.8124938
32.0807420 118.8124940
32.0807425 118.8124935
32.0807423 118.8124935
32.0807433 118.8124933
32.0807443 118.8124933
32.0807442 118.8124935
32.0807438 118.8124933
32.0807448 118.8124933
32.0807455 118.8124935
32.0807442 118.8124942
32.0807445 118.8124945
32.0807433 118.8124952
32.0807458 118.8124950
32.0807467 118.8124952
32.0807467 118.8124958
32.0807467 118.8124963
32.0807473 118.8124968
32.0807483 118.8124972
32.0807487 118.8124972
32.0807488 118.8124972
32.0807492 118.8124973
32.0807488 118.8124977
32.0807490 118.8124983
32.0807482 118.8124990
32.0807472 118.8124997
32.0807468 118.8125003
32.0807460 118.8125012
32.0807452 118.8125022
32.0807457 118.8125027
32.0807458 118.8125025
32.0807463 118.8125023
32.0807463 118.8125023
32.0807460 118.8125023
32.0807472 118.8125022
32.0807463 118.8125023
32.0807457 118.8125025
32.0807465 118.8125025
32.0807475 118.8125023
32.0807493 118.8125023
32.0807505 118.8125022
32.0807520 118.8125022
32.0807537 118.8125023
32.0807537 118.8125027
32.0807550 118.8125030
32.0807583 118.8125028
32.0807607 118.8125023
32.0807625 118.8125025
32.0807638 118.8125028
32.0807640 118.8125033
32.0807650 118.8125035
32.0807672 118.8125033
32.0807687 118.8125032
32.0807692 118.8125033
32.0807698 118.8125035
32.0807700 118.8125038
32.0807703 118.8125040
32.0807717 118.8125043
32.0807720 118.8125047
32.0807733 118.8125045
32.0807730 118.8125047
32.0807723 118.8125050
32.0807725 118.8125052
32.0807740 118.8125052
32.0807748 118.8125052
32.0807758 118.8125050
32.0807772 118.8125047
32.0807768 118.8125048
32.0807760 118.8125050
32.0807765 118.8125050
32.0807767 118.8125048
32.0807773 118.8125040
32.0807802 118.8125032
32.0807805 118.8125028
32.0807815 118.8125027
32.0807827 118.8125022
32.0807828 118.8125020
32.0807835 118.8125020
32.0807832 118.8125018
32.0807847 118.8125017
32.0807842 118.8125017
32.0807840 118.8125015
32.0807847 118.8125015
32.0807862 118.8125017
32.0807873 118.8125013
32.0807880 118.8125013
32.0807895 118.8125018
32.0807913 118.8125022
32.0807940 118.8125018
32.0807960 118.8125020
32.0807963 118.8125022
32.0807965 118.8125022
32.0807962 118.8125018
32.0807965 118.8125017
32.0807955 118.8125013
32.0807963 118.8125010
32.0807965 118.8125007
32.0807980 118.8125005
32.0808000 118.8125000
32.0808002 118.8125000
32.0808005 118.8125002
32.0808017 118.8125000
32.0808007 118.8125002
32.0807995 118.8125007
32.0807988 118.8125007
32.0808003 118.8125003
32.0808018 118.8125002
32.0808035 118.8125000
32.0808038 118.8125000
32.0808043 118.8125003
32.0808055 118.8125003
32.0808055 118.8125005
32.0808057 118.8125008
32.0808070 118.8125012
32.0808070 118.8125013
32.0808068 118.8125015
32.0808092 118.8125013
